DATE,HOUR-MST,Avg Global PSP [W/m^2],Avg Diffuse SB PSP [W/m^2]
7/1/1991,1,-4.2741,-3.5806
7/1/1991,2,-3.9175,-3.3500
7/1/1991,3,-4.7053,-4.0442
7/1/1991,4,-3.7936,-3.0970
7/1/1991,5,1.7049,2.8225
7/1/1991,6,94.6924,38.3546
7/1/1991,7,279.3783,48.9615
7/1/1991,8,473.5892,47.6902
7/1/1991,9,655.8692,50.1807
7/1/1991,10,814.2967,55.4432
7/1/1991,11,932.3767,58.9915
7/1/1991,12,988.9850,61.6979
7/1/1991,13,988.4658,65.1989
7/1/1991,14,931.2900,65.7781
7/1/1991,15,816.6000,63.8271
7/1/1991,16,644.8525,79.1246
7/1/1991,17,473.0258,81.0314
7/1/1991,18,326.7075,100.0331
7/1/1991,19,104.1234,65.7767
7/1/1991,20,0.9317,1.6541
7/1/1991,21,-4.9217,-4.2000
7/1/1991,22,-5.0757,-3.9856
7/1/1991,23,-4.7854,-3.8410
7/2/1991,0,-3.6249,-2.9454
7/2/1991,1,-3.5179,-3.2496
7/2/1991,2,-3.9300,-3.4314
7/2/1991,3,-3.6690,-3.2906
7/2/1991,4,-3.8812,-3.3950
7/2/1991,5,0.9103,1.3547
7/2/1991,6,93.5202,42.6571
7/2/1991,7,274.6542,55.7756
7/2/1991,8,470.6017,60.2873
7/2/1991,9,656.7717,66.1810
7/2/1991,10,813.8983,71.7174
7/2/1991,11,920.5892,83.7978
7/2/1991,12,972.1592,102.9866
7/2/1991,13,965.0592,110.1667
7/2/1991,14,868.5917,121.8325
7/2/1991,15,746.5792,175.3767
7/2/1991,16,656.1567,122.5150
7/2/1991,17,356.0608,130.5700
7/2/1991,18,187.2605,70.7986
7/2/1991,19,104.1224,49.5107
7/2/1991,20,2.1420,2.5913
7/2/1991,21,-4.5297,-3.9483
7/2/1991,22,-4.2315,-3.6465
7/2/1991,23,-1.4984,-2.3166
7/3/1991,0,-2.1527,-2.5201
7/3/1991,1,-2.2636,-1.6857
7/3/1991,2,-3.6245,-2.9512
7/3/1991,3,-3.6839,-3.3444
7/3/1991,4,-4.0410,-3.1966
7/3/1991,5,0.6176,2.0163
7/3/1991,6,83.2605,39.7517
7/3/1991,7,267.5617,58.8525
7/3/1991,8,458.0792,58.4678
7/3/1991,9,641.0775,59.0437
7/3/1991,10,797.6283,61.9179
7/3/1991,11,911.8658,71.2313
7/3/1991,12,974.8517,81.5316
7/3/1991,13,959.0817,103.9822
7/3/1991,14,771.6708,134.1250
7/3/1991,15,616.4947,100.5447
7/3/1991,16,166.6847,109.9967
7/3/1991,17,226.1861,105.1478
7/3/1991,18,282.1338,143.3870
7/3/1991,19,166.7892,103.2330
7/3/1991,20,9.0316,7.4272
7/3/1991,21,-4.5276,-3.8439
7/3/1991,22,-3.8384,-3.0310
7/3/1991,23,-3.7599,-3.1410
7/4/1991,0,-4.1092,-3.3315
7/4/1991,1,-3.9415,-3.2579
7/4/1991,2,-3.9727,-3.3051
7/4/1991,3,-3.6601,-3.0472
7/4/1991,4,-4.4367,-3.8320
7/4/1991,5,1.7921,3.0007
7/4/1991,6,112.8108,51.5378
7/4/1991,7,284.1092,45.1948
7/4/1991,8,473.9983,40.5648
7/4/1991,9,662.8158,42.7990
7/4/1991,10,822.8233,47.5025
7/4/1991,11,941.9058,50.4349
7/4/1991,12,1004.4175,55.4163
7/4/1991,13,1002.1975,59.0891
7/4/1991,14,948.2450,61.3070
7/4/1991,15,829.9767,62.0842
7/4/1991,16,592.5642,92.5153
7/4/1991,17,336.1842,102.1412
7/4/1991,18,259.5096,66.2539
7/4/1991,19,95.1838,34.0804
7/4/1991,20,0.9580,2.5918
7/4/1991,21,-5.9021,-5.0097
7/4/1991,22,-6.4038,-5.1948
7/4/1991,23,-4.9631,-4.1746
7/5/1991,0,-5.4612,-4.7311
7/5/1991,1,-4.6002,-3.8471
7/5/1991,2,-4.2317,-3.6111
7/5/1991,3,-4.1232,-3.5826
7/5/1991,4,-4.4158,-3.7931
7/5/1991,5,1.7104,3.3684
7/5/1991,6,94.5561,40.4337
7/5/1991,7,280.0742,51.7751
7/5/1991,8,470.9117,47.8513
7/5/1991,9,657.3083,44.5037
7/5/1991,10,825.0592,59.8057
7/5/1991,11,460.8467,148.3800
7/5/1991,12,639.4550,178.6008
7/5/1991,13,940.2525,139.2526
7/5/1991,14,998.6058,98.0617
7/5/1991,15,862.8492,100.7668
7/5/1991,16,729.1625,89.9954
7/5/1991,17,533.8483,62.8230
7/5/1991,18,326.6367,54.8915
7/5/1991,19,118.9808,41.8410
7/5/1991,20,-0.2133,0.6511
7/5/1991,21,-7.4077,-5.7937
7/5/1991,22,-4.8038,-3.8691
7/5/1991,23,-3.9868,-3.3644
7/6/1991,0,-4.6600,-3.8792
7/6/1991,1,-5.2686,-4.2802
7/6/1991,2,-4.8670,-3.9320
7/6/1991,3,-4.3913,-3.5774
7/6/1991,4,-4.6444,-3.8391
7/6/1991,5,-0.3737,0.6604
7/6/1991,6,93.1314,39.7583
7/6/1991,7,255.6183,89.4896
7/6/1991,8,466.7275,183.7083
7/6/1991,9,292.8392,219.8008
7/6/1991,10,474.0083,297.4467
7/6/1991,11,800.7900,281.5875
7/6/1991,12,531.8708,212.0458
7/6/1991,13,953.7233,213.2708
7/6/1991,14,381.4333,240.9008
7/6/1991,15,203.8484,155.2124
7/6/1991,16,278.2592,157.1118
7/6/1991,17,445.4733,124.4408
7/6/1991,18,64.7976,61.5482
7/6/1991,19,48.2378,32.7608
7/6/1991,20,7.6667,6.8192
7/6/1991,21,-3.9969,-3.4285
7/6/1991,22,-4.8812,-4.3821
7/6/1991,23,-4.6729,-3.9634
7/7/1991,0,-4.2052,-3.5926
7/7/1991,1,-3.8638,-3.3108
7/7/1991,2,-5.8566,-4.9580
7/7/1991,3,-2.8261,-2.3710
7/7/1991,4,-2.2079,-2.0026
7/7/1991,5,0.2021,0.9443
7/7/1991,6,46.0928,41.2133
7/7/1991,7,85.8352,76.9418
7/7/1991,8,170.6600,147.8758
7/7/1991,9,549.5933,216.9983
7/7/1991,10,812.8850,94.6684
7/7/1991,11,911.5458,106.7134
7/7/1991,12,774.7900,240.8633
7/7/1991,13,476.8017,340.7292
7/7/1991,14,454.4625,302.5400
7/7/1991,15,73.6912,71.0784
7/7/1991,16,416.1667,192.1762
7/7/1991,17,262.7750,189.6358
7/7/1991,18,306.2792,148.9993
7/7/1991,19,42.9394,40.7058
7/7/1991,20,2.4626,2.6907
7/7/1991,21,-3.8183,-3.1372
7/7/1991,22,-3.9767,-3.3167
7/7/1991,23,-3.2130,-3.0504
7/8/1991,0,-4.5032,-4.0970
7/8/1991,1,-4.9459,-4.1288
7/8/1991,2,-3.6994,-3.1388
7/8/1991,3,-4.2100,-3.4631
7/8/1991,4,-4.3447,-3.6148
7/8/1991,5,1.3269,1.4033
7/8/1991,6,81.4789,60.6110
7/8/1991,7,186.0135,84.7953
7/8/1991,8,441.1042,170.0934
7/8/1991,9,244.5242,206.3108
7/8/1991,10,467.4233,360.6308
7/8/1991,11,665.9350,447.1950
7/8/1991,12,634.3067,410.1008
7/8/1991,13,719.6883,422.5308
7/8/1991,14,537.4600,307.7600
7/8/1991,15,33.6615,31.4499
7/8/1991,16,127.5686,111.4369
7/8/1991,17,352.9533,207.0308
7/8/1991,18,285.2508,61.7473
7/8/1991,19,52.2361,46.1230
7/8/1991,20,0.4975,1.6722
7/8/1991,21,-2.7439,-2.4064
7/8/1991,22,-3.2849,-2.7708
7/8/1991,23,-4.3642,-3.6863
7/9/1991,0,-4.7459,-4.1252
7/9/1991,1,-2.9411,-2.6735
7/9/1991,2,-3.4815,-3.0705
7/9/1991,3,-3.8557,-3.3608
7/9/1991,4,-4.2446,-3.4104
7/9/1991,5,0.7420,2.3394
7/9/1991,6,88.7076,35.8129
7/9/1991,7,263.4342,42.0902
7/9/1991,8,458.5442,43.8004
7/9/1991,9,640.0633,50.4569
7/9/1991,10,822.8825,91.2620
7/9/1991,11,834.5042,145.4364
7/9/1991,12,775.2533,222.1635
7/9/1991,13,742.6617,251.1683
7/9/1991,14,915.4792,182.7817
7/9/1991,15,568.2117,260.4467
7/9/1991,16,301.2467,245.3550
7/9/1991,17,379.8029,171.4338
7/9/1991,18,1.3097,0.6784
7/9/1991,19,2.7230,1.6229
7/9/1991,20,4.7741,4.4142
7/9/1991,21,-2.3888,-1.5202
7/9/1991,22,-3.7465,-2.2252
7/9/1991,23,-4.0917,-2.4032
7/10/1991,0,-4.3823,-2.6540
7/10/1991,1,-4.2640,-2.5264
7/10/1991,2,-3.8286,-1.5678
7/10/1991,3,-4.1541,-1.8867
7/10/1991,4,-5.0878,-2.3179
7/10/1991,5,0.9543,4.8450
7/10/1991,6,87.4665,38.9967
7/10/1991,7,266.0492,48.3929
7/10/1991,8,452.6967,47.2463
7/10/1991,9,631.4192,50.6123
7/10/1991,10,817.1008,93.3187
7/10/1991,11,887.7850,176.7724
7/10/1991,12,594.6358,264.3733
7/10/1991,13,782.4292,242.5583
7/10/1991,14,392.2190,171.2337
7/10/1991,15,641.6717,190.9708
7/10/1991,16,114.5029,100.9780
7/10/1991,17,181.0168,115.0132
7/10/1991,18,82.5262,58.2192
7/10/1991,19,107.0418,49.1604
7/10/1991,20,1.1028,1.1041
7/10/1991,21,-2.5515,-2.1502
7/10/1991,22,-3.6735,-3.0090
7/10/1991,23,-3.0234,-2.5309
7/11/1991,0,-2.8627,-2.3823
7/11/1991,1,-2.9172,-2.4769
7/11/1991,2,-4.4051,-3.6392
7/11/1991,3,-4.1650,-3.4070
7/11/1991,4,-3.2433,-2.7386
7/11/1991,5,0.4363,0.5200
7/11/1991,6,34.6501,30.2993
7/11/1991,7,185.5502,113.9506
7/11/1991,8,199.7800,167.1225
7/11/1991,9,514.3958,200.1433
7/11/1991,10,787.6650,100.5731
7/11/1991,11,910.4650,95.6761
7/11/1991,12,538.7288,107.7084
7/11/1991,13,95.4047,85.7153
7/11/1991,14,437.3058,326.5133
7/11/1991,15,213.8017,197.4383
7/11/1991,16,259.5833,231.4250
7/11/1991,17,230.3142,193.4067
7/11/1991,18,151.4867,130.8640
7/11/1991,19,71.4813,62.0183
7/11/1991,20,4.0977,4.1104
7/11/1991,21,-4.9233,-4.1745
7/11/1991,22,-4.4695,-3.6174
7/11/1991,23,-3.8543,-3.2422
7/12/1991,0,-3.5958,-3.0975
7/12/1991,1,-3.5517,-3.0148
7/12/1991,2,-4.1076,-3.5496
7/12/1991,3,-4.0092,-3.3833
7/12/1991,4,-4.1999,-3.5914
7/12/1991,5,0.6068,1.6855
7/12/1991,6,85.4059,42.5078
7/12/1991,7,252.4758,50.4432
7/12/1991,8,446.5217,52.7646
7/12/1991,9,630.6450,60.4911
7/12/1991,10,792.1292,64.7251
7/12/1991,11,915.8667,79.6143
7/12/1991,12,995.1242,132.0468
7/12/1991,13,806.6358,265.2683
7/12/1991,14,895.0183,276.9667
7/12/1991,15,730.1808,235.1258
7/12/1991,16,84.2822,73.3354
7/12/1991,17,8.2190,7.4937
7/12/1991,18,39.5609,30.2832
7/12/1991,19,97.5800,58.6311
7/12/1991,20,5.4082,8.2623
7/12/1991,21,-2.0719,0.7266
7/12/1991,22,-3.5015,-0.5332
7/12/1991,23,-3.9464,-1.4100
7/13/1991,0,-4.2354,-2.1175
7/13/1991,1,-3.7335,-2.1756
7/13/1991,2,-3.7323,-2.3280
7/13/1991,3,-4.7047,-3.1453
7/13/1991,4,-3.8479,-2.6145
7/13/1991,5,-0.1953,1.6145
7/13/1991,6,82.9736,37.2323
7/13/1991,7,256.0450,45.1917
7/13/1991,8,447.8058,45.9161
7/13/1991,9,625.4892,45.9482
7/13/1991,10,780.7825,50.8929
7/13/1991,11,902.8658,53.6357
7/13/1991,12,965.5117,58.5144
7/13/1991,13,969.7142,61.1478
7/13/1991,14,931.3375,61.8123
7/13/1991,15,834.7900,75.6787
7/13/1991,16,492.9758,144.0177
7/13/1991,17,254.1292,194.8617
7/13/1991,18,157.3536,96.9118
7/13/1991,19,92.1235,46.1762
7/13/1991,20,-3.3523,-1.0987
7/13/1991,21,-5.5954,-4.4174
7/13/1991,22,-4.5032,-3.7210
7/13/1991,23,-5.6232,-4.8848
7/14/1991,0,-5.7680,-4.7647
7/14/1991,1,-5.1525,-4.1746
7/14/1991,2,-5.0385,-4.3861
7/14/1991,3,-4.6046,-3.9358
7/14/1991,4,-4.6533,-3.9181
7/14/1991,5,-0.7114,0.9514
7/14/1991,6,83.1621,35.6994
7/14/1991,7,269.0175,45.8713
7/14/1991,8,465.2450,41.2024
7/14/1991,9,653.3308,41.6908
7/14/1991,10,818.0150,44.4756
7/14/1991,11,940.9392,46.3612
7/14/1991,12,1007.9517,47.2200
7/14/1991,13,1015.0542,47.8131
7/14/1991,14,949.4767,47.8847
7/14/1991,15,832.7283,48.4606
7/14/1991,16,667.2350,47.6721
7/14/1991,17,488.6250,47.7193
7/14/1991,18,295.3325,46.9153
7/14/1991,19,100.3039,35.0832
7/14/1991,20,-2.6321,-1.3511
7/14/1991,21,-8.0453,-6.5674
7/14/1991,22,-6.1453,-4.9106
7/14/1991,23,-5.5135,-4.7316
7/15/1991,0,-5.5617,-4.7479
7/15/1991,1,-4.5823,-3.8156
7/15/1991,2,-4.1619,-3.4738
7/15/1991,3,-4.4964,-3.6433
7/15/1991,4,-4.6068,-3.8754
7/15/1991,5,-3.1229,-1.3464
7/15/1991,6,78.4786,36.3051
7/15/1991,7,253.3308,48.5323
7/15/1991,8,449.2842,50.3081
7/15/1991,9,629.2242,51.0319
7/15/1991,10,784.8350,55.0635
7/15/1991,11,899.5142,59.1337
7/15/1991,12,966.5258,64.8028
7/15/1991,13,967.4458,72.6596
7/15/1991,14,924.0975,77.0118
7/15/1991,15,827.6658,72.6533
7/15/1991,16,661.7067,67.4117
7/15/1991,17,489.0800,71.5576
7/15/1991,18,296.0667,77.0027
7/15/1991,19,41.6277,23.1543
7/15/1991,20,-2.3983,-1.3510
7/15/1991,21,-4.0497,-3.4102
7/15/1991,22,-3.9778,-3.3862
7/15/1991,23,-3.8057,-3.2577
7/16/1991,0,-3.7187,-3.2531
7/16/1991,1,-4.9400,-4.0626
7/16/1991,2,-4.2205,-3.5401
7/16/1991,3,-4.5358,-3.7808
7/16/1991,4,-4.7011,-3.8489
7/16/1991,5,-0.9864,0.5594
7/16/1991,6,73.5748,36.6664
7/16/1991,7,249.4100,53.8967
7/16/1991,8,444.6658,56.8372
7/16/1991,9,623.5117,60.4404
7/16/1991,10,782.1600,65.1050
7/16/1991,11,901.7467,69.5709
7/16/1991,12,963.3342,75.5042
7/16/1991,13,969.3100,84.4987
7/16/1991,14,831.6825,193.6667
7/16/1991,15,402.4225,257.2050
7/16/1991,16,296.0458,203.8692
7/16/1991,17,327.1533,113.3100
7/16/1991,18,95.3784,79.9483
7/16/1991,19,42.9866,38.1787
7/16/1991,20,2.2336,2.4327
7/16/1991,21,-4.4792,-3.8166
7/16/1991,22,-4.1577,-3.5054
7/16/1991,23,-4.6140,-3.9327
7/17/1991,0,-3.8361,-3.2732
7/17/1991,1,-3.9873,-3.3754
7/17/1991,2,-3.9075,-3.3073
7/17/1991,3,-3.8956,-3.2965
7/17/1991,4,-4.0190,-3.4172
7/17/1991,5,-1.1599,-0.1401
7/17/1991,6,72.1742,36.7266
7/17/1991,7,244.7000,55.3513
7/17/1991,8,438.3092,59.7793
7/17/1991,9,608.6331,62.8930
7/17/1991,10,771.6875,65.9229
7/17/1991,11,882.0050,66.6707
7/17/1991,12,955.5950,69.8354
7/17/1991,13,963.2442,73.4413
7/17/1991,14,913.1350,74.3069
7/17/1991,15,816.6933,78.8147
7/17/1991,16,397.7500,100.1888
7/17/1991,17,209.7317,178.6542
7/17/1991,18,78.6562,70.6047
7/17/1991,19,13.5159,12.0944
7/17/1991,20,-1.0594,-0.7065
7/17/1991,21,-3.0772,-2.4675
7/17/1991,22,-2.8373,-2.2215
7/17/1991,23,-3.1480,-2.6254
7/18/1991,0,-3.2605,-2.6539
7/18/1991,1,-3.1179,-2.5951
7/18/1991,2,-4.6294,-3.9376
7/18/1991,3,-5.3474,-4.5789
7/18/1991,4,-4.9298,-4.1263
7/18/1991,5,-0.7780,-0.1323
7/18/1991,6,71.6145,35.2563
7/18/1991,7,252.9083,51.9455
7/18/1991,8,450.7025,60.3060
7/18/1991,9,529.5850,109.6362
7/18/1991,10,731.0233,136.4492
7/18/1991,11,923.8117,196.1275
7/18/1991,12,406.9992,231.9650
7/18/1991,13,736.3350,242.5583
7/18/1991,14,787.7233,195.1400
7/18/1991,15,250.8300,225.6850
7/18/1991,16,259.8248,161.8930
7/18/1991,17,57.9768,52.1541
7/18/1991,18,16.3791,14.9879
7/18/1991,19,14.6518,12.4141
7/18/1991,20,-0.6327,-0.3993
7/18/1991,21,-2.4691,-2.0753
7/18/1991,22,-4.1368,-4.5971
7/18/1991,23,-4.2877,-3.7156
7/19/1991,0,-4.3431,-3.6737
7/19/1991,1,-3.7936,-3.3132
7/19/1991,2,-3.8406,-3.3441
7/19/1991,3,-4.1786,-3.6438
7/19/1991,4,-5.3826,-4.4255
7/19/1991,5,-0.9474,-0.0557
7/19/1991,6,73.8204,45.9643
7/19/1991,7,234.6633,54.9640
7/19/1991,8,430.3975,58.8565
7/19/1991,9,615.5833,64.9359
7/19/1991,10,781.7392,89.0588
7/19/1991,11,912.5642,108.3277
7/19/1991,12,747.2517,289.9983
7/19/1991,13,388.8917,283.4925
7/19/1991,14,542.8183,332.1275
7/19/1991,15,284.5050,209.9933
7/19/1991,16,322.0717,236.5242
7/19/1991,17,161.9833,126.3283
7/19/1991,18,12.0627,11.4653
7/19/1991,19,46.2604,37.0944
7/19/1991,20,1.9497,2.5382
7/19/1991,21,-2.9370,-1.8957
7/19/1991,22,-2.7129,-2.1449
7/19/1991,23,-2.6367,-2.1505
7/20/1991,0,-2.2717,-2.1559
7/20/1991,1,-2.4658,-2.4252
7/20/1991,2,-2.1269,-2.1436
7/20/1991,3,-3.1359,-2.8045
7/20/1991,4,-3.9571,-3.2556
7/20/1991,5,-3.2644,-2.5282
7/20/1991,6,70.6399,35.4223
7/20/1991,7,241.7133,51.2459
7/20/1991,8,430.3858,49.9352
7/20/1991,9,619.0150,58.8389
7/20/1991,10,784.3225,65.7706
7/20/1991,11,380.8508,219.1180
7/20/1991,12,476.6208,316.9833
7/20/1991,13,776.5692,304.8850
7/20/1991,14,722.7967,314.2142
7/20/1991,15,184.2667,165.9815
7/20/1991,16,58.7453,51.8895
7/20/1991,17,132.0345,113.4903
7/20/1991,18,54.6432,50.5795
7/20/1991,19,13.6146,13.7427
7/20/1991,20,-1.0531,-2.4970
7/20/1991,21,-1.5019,-1.8725
7/20/1991,22,-1.9060,-1.9577
7/20/1991,23,-4.2546,-3.6439
7/21/1991,0,-3.6978,-3.2648
7/21/1991,1,-4.3238,-3.5627
7/21/1991,2,-3.6956,-3.1271
7/21/1991,3,-2.8846,-2.5413
7/21/1991,4,-3.7239,-3.3221
7/21/1991,5,-1.5021,-1.2986
7/21/1991,6,83.5943,58.7673
7/21/1991,7,141.1799,110.3187
7/21/1991,8,232.0533,187.0425
7/21/1991,9,365.0600,279.2175
7/21/1991,10,600.4667,224.3075
7/21/1991,11,859.0067,198.6092
7/21/1991,12,572.1858,404.3625
7/21/1991,13,305.4925,264.1058
7/21/1991,14,206.5083,186.2909
7/21/1991,15,342.2475,229.6667
7/21/1991,16,324.7567,166.2722
7/21/1991,17,85.6411,78.6065
7/21/1991,18,70.0537,63.4193
7/21/1991,19,27.6510,25.4745
7/21/1991,20,-1.1239,-0.8071
7/21/1991,21,-2.1984,-1.9614
7/21/1991,22,-2.3456,-2.0481
7/21/1991,23,-2.0802,-1.8199
7/22/1991,0,-2.4542,-2.0845
7/22/1991,1,-2.8158,-2.2856
7/22/1991,2,-3.2380,-2.6757
7/22/1991,3,-3.3856,-2.8072
7/22/1991,4,-4.8953,-3.9514
7/22/1991,5,-1.1385,-0.7668
7/22/1991,6,50.0017,38.6079
7/22/1991,7,126.0405,103.7767
7/22/1991,8,147.6817,127.5529
7/22/1991,9,239.6550,213.1783
7/22/1991,10,321.3433,268.2258
7/22/1991,11,216.5175,197.8683
7/22/1991,12,279.6792,252.5767
7/22/1991,13,340.0492,278.0108
7/22/1991,14,72.0973,62.1237
7/22/1991,15,73.0383,65.6951
7/22/1991,16,171.0226,148.9833
7/22/1991,17,56.1771,50.7377
7/22/1991,18,50.8864,44.8607
7/22/1991,19,13.5911,11.8183
7/22/1991,20,0.1868,0.2461
7/22/1991,21,-0.6633,-0.5510
7/22/1991,22,-0.7607,-0.6036
7/22/1991,23,-1.2061,-1.0099
7/23/1991,0,-1.7948,-1.2328
7/23/1991,1,-1.4687,-1.0223
7/23/1991,2,-1.0114,-0.8451
7/23/1991,3,-0.9639,-0.9821
7/23/1991,4,-0.8586,-0.9101
7/23/1991,5,-0.8501,-0.9178
7/23/1991,6,7.5045,6.5679
7/23/1991,7,20.7643,18.5132
7/23/1991,8,44.9947,40.1863
7/23/1991,9,104.9963,93.4255
7/23/1991,10,192.0283,170.6176
7/23/1991,11,131.7104,118.1926
7/23/1991,12,129.7183,116.1628
7/23/1991,13,226.5967,201.1808
7/23/1991,14,253.8094,227.4321
7/23/1991,15,165.8079,149.7328
7/23/1991,16,70.2652,64.5037
7/23/1991,17,111.5431,99.9432
7/23/1991,18,152.2835,134.7259
7/23/1991,19,16.7662,17.4622
7/23/1991,20,-1.8896,-0.5285
7/23/1991,21,-1.6525,-0.9286
7/23/1991,22,-1.6928,-1.1345
7/23/1991,23,-1.1478,-1.2684
7/24/1991,0,-0.8416,-0.9735
7/24/1991,1,-0.8257,-0.7978
7/24/1991,2,-0.9842,-0.9426
7/24/1991,3,-1.0572,-0.9302
7/24/1991,4,-1.2010,-0.9085
7/24/1991,5,-0.8150,-0.4179
7/24/1991,6,19.7834,17.9858
7/24/1991,7,68.6153,61.6317
7/24/1991,8,173.4025,151.0061
7/24/1991,9,224.3300,198.2825
7/24/1991,10,272.1542,244.4475
7/24/1991,11,303.6758,270.4733
7/24/1991,12,230.0758,205.4650
7/24/1991,13,163.1269,148.5575
7/24/1991,14,26.4658,25.0893
7/24/1991,15,121.7645,109.0008
7/24/1991,16,553.6542,301.3075
7/24/1991,17,174.6850,157.7417
7/24/1991,18,127.8677,113.6678
7/24/1991,19,71.4067,62.8911
7/24/1991,20,-2.0376,0.4356
7/24/1991,21,-3.5684,-1.7015
7/24/1991,22,-4.2910,-2.5877
7/24/1991,23,-2.5332,-1.4626
7/25/1991,0,-3.1733,-1.7930
7/25/1991,1,-4.3013,-2.8316
7/25/1991,2,-4.7076,-2.9972
7/25/1991,3,-4.1954,-2.5097
7/25/1991,4,-2.5582,-1.3837
7/25/1991,5,-1.8938,-0.8629
7/25/1991,6,43.0125,37.6928
7/25/1991,7,196.7358,124.6185
7/25/1991,8,383.7250,149.1092
7/25/1991,9,679.5975,237.4208
7/25/1991,10,567.4792,241.6242
7/25/1991,11,490.0767,308.3067
7/25/1991,12,317.2057,240.4268
7/25/1991,13,778.8475,247.5933
7/25/1991,14,421.2958,344.3692
7/25/1991,15,535.7717,299.8992
7/25/1991,16,454.6533,211.3775
7/25/1991,17,251.6490,81.5727
7/25/1991,18,19.0982,18.4523
7/25/1991,19,47.0848,41.0361
7/25/1991,20,-1.0344,0.3357
7/25/1991,21,-4.1449,-3.0245
7/25/1991,22,-3.2709,-2.2076
7/25/1991,23,-4.3707,-3.3933
7/26/1991,0,-3.7651,-2.7982
7/26/1991,1,-3.2706,-2.6272
7/26/1991,2,-3.8559,-3.1458
7/26/1991,3,-3.7382,-3.1071
7/26/1991,4,-2.8728,-2.4501
7/26/1991,5,-3.0471,-2.2705
7/26/1991,6,62.3263,37.0372
7/26/1991,7,225.8717,62.9506
7/26/1991,8,408.8542,68.7668
7/26/1991,9,609.5133,105.3202
7/26/1991,10,767.9083,118.9275
7/26/1991,11,868.0725,121.4975
7/26/1991,12,383.6167,213.1458
7/26/1991,13,394.9658,277.3850
7/26/1991,14,95.5494,87.6245
7/26/1991,15,176.9093,149.6831
7/26/1991,16,273.8817,231.0867
7/26/1991,17,313.1300,202.4483
7/26/1991,18,223.9618,111.3323
7/26/1991,19,66.2468,49.4363
7/26/1991,20,-0.8607,-0.0411
7/26/1991,21,-4.0609,-3.6731
7/26/1991,22,-4.4799,-3.4358
7/26/1991,23,-2.9813,-2.6008
7/27/1991,0,-3.2423,-2.9251
7/27/1991,1,-3.9822,-3.5080
7/27/1991,2,-4.1084,-3.5374
7/27/1991,3,-3.8163,-3.0924
7/27/1991,4,-5.6342,-4.5009
7/27/1991,5,-4.1582,-2.9856
7/27/1991,6,48.6671,29.0663
7/27/1991,7,234.8442,71.5931
7/27/1991,8,432.5000,86.0153
7/27/1991,9,577.9417,76.2719
7/27/1991,10,604.2767,182.4410
7/27/1991,11,736.7117,235.7367
7/27/1991,12,940.6300,99.6148
7/27/1991,13,906.8717,115.5342
7/27/1991,14,899.3567,123.5175
7/27/1991,15,679.9767,152.7050
7/27/1991,16,638.0883,104.6434
7/27/1991,17,439.4075,84.8435
7/27/1991,18,250.2217,67.7073
7/27/1991,19,68.9157,34.4606
7/27/1991,20,-4.3036,-1.7929
7/27/1991,21,-3.9940,-3.1159
7/27/1991,22,-4.1422,-3.3967
7/27/1991,23,-3.8965,-3.1986
7/28/1991,0,-4.1019,-3.4563
7/28/1991,1,-3.9888,-3.4346
7/28/1991,2,-4.7347,-4.0776
7/28/1991,3,-3.6394,-3.1432
7/28/1991,4,-4.0838,-3.4521
7/28/1991,5,-2.5796,-2.0561
7/28/1991,6,56.7037,31.4055
7/28/1991,7,229.7900,53.3308
7/28/1991,8,427.4958,57.8036
7/28/1991,9,612.2067,62.4952
7/28/1991,10,772.3483,67.6916
7/28/1991,11,889.3250,69.4281
7/28/1991,12,956.8333,73.8796
7/28/1991,13,960.5492,77.0578
7/28/1991,14,908.2075,81.2695
7/28/1991,15,791.7867,78.0950
7/28/1991,16,639.0675,74.4663
7/28/1991,17,457.0617,71.2943
7/28/1991,18,249.9500,62.6865
7/28/1991,19,79.6322,39.8819
7/28/1991,20,-1.6146,-0.5355
7/28/1991,21,-4.4964,-3.8855
7/28/1991,22,-5.5208,-4.4867
7/28/1991,23,-3.9497,-3.3012
7/29/1991,0,-4.0895,-3.6030
7/29/1991,1,-4.5553,-4.0804
7/29/1991,2,-3.7516,-3.2772
7/29/1991,3,-3.9718,-3.4916
7/29/1991,4,-4.8190,-4.0510
7/29/1991,5,-2.5381,-1.9004
7/29/1991,6,57.7420,36.8362
7/29/1991,7,217.8800,67.4437
7/29/1991,8,421.9950,83.8603
7/29/1991,9,612.0167,92.5187
7/29/1991,10,771.7492,96.1632
7/29/1991,11,894.8967,106.8783
7/29/1991,12,964.6683,115.6025
7/29/1991,13,966.4983,120.0425
7/29/1991,14,813.0900,150.9175
7/29/1991,15,731.8308,188.6050
7/29/1991,16,636.5083,100.0769
7/29/1991,17,376.7083,89.8832
7/29/1991,18,117.3523,86.1309
7/29/1991,19,53.9916,40.6773
7/29/1991,20,-3.4591,-1.9238
7/29/1991,21,-5.4241,-4.5023
7/29/1991,22,-4.9000,-4.1966
7/29/1991,23,-4.2780,-3.6843
7/30/1991,0,-3.9667,-3.4366
7/30/1991,1,-4.0188,-3.5334
7/30/1991,2,-4.6352,-4.0674
7/30/1991,3,-4.5474,-3.9250
7/30/1991,4,-5.1213,-4.4373
7/30/1991,5,-3.3193,-3.0157
7/30/1991,6,40.8398,26.3574
7/30/1991,7,219.4817,57.8210
7/30/1991,8,421.3058,66.0202
7/30/1991,9,600.3708,69.9512
7/30/1991,10,758.2292,79.3511
7/30/1991,11,944.8983,155.6525
7/30/1991,12,205.5225,147.8433
7/30/1991,13,395.9775,235.6983
7/30/1991,14,530.3442,287.9717
7/30/1991,15,265.9817,196.8467
7/30/1991,16,97.3338,88.5545
7/30/1991,17,214.5885,141.3835
7/30/1991,18,259.6391,117.4655
7/30/1991,19,54.7685,37.6922
7/30/1991,20,-1.2932,-0.6686
7/30/1991,21,-5.8033,-4.8520
7/30/1991,22,-4.1337,-3.5612
7/30/1991,23,-3.7941,-3.3005
7/31/1991,0,-3.7364,-3.3128
7/31/1991,1,-3.7285,-3.2471
7/31/1991,2,-4.1014,-3.4606
7/31/1991,3,-3.7811,-3.0900
7/31/1991,4,-4.2202,-3.4289
7/31/1991,5,-3.6747,-2.8903
7/31/1991,6,50.1899,30.5408
7/31/1991,7,210.0658,57.8183
7/31/1991,8,407.6308,68.3646
7/31/1991,9,591.0017,76.0438
7/31/1991,10,754.3125,79.8332
7/31/1991,11,889.3217,95.9650
7/31/1991,12,975.1567,116.4783
7/31/1991,13,973.7042,103.9206
7/31/1991,14,919.0608,109.6743
7/31/1991,15,671.9775,187.7125
7/31/1991,16,584.1175,128.8317
7/31/1991,17,303.6552,153.0751
7/31/1991,18,80.9986,74.1003
7/31/1991,19,76.4841,52.1139
7/31/1991,20,0.3872,0.6941
7/31/1991,21,-5.1836,-4.5765
7/31/1991,22,-5.0245,-4.3630
7/31/1991,23,-5.4105,-4.7584
8/1/1991,0,-4.1428,-3.7392
8/1/1991,1,-4.2039,-3.6247
8/1/1991,2,-4.6243,-4.0650
8/1/1991,3,-4.2361,-3.9389
8/1/1991,4,-4.2763,-3.7833
8/1/1991,5,-1.6696,-1.3844
8/1/1991,6,32.8341,28.9969
8/1/1991,7,210.0562,87.8555
8/1/1991,8,371.3092,102.4273
8/1/1991,9,572.9058,81.6502
8/1/1991,10,755.5417,84.7200
8/1/1991,11,865.0758,127.8819
8/1/1991,12,618.0367,299.3926
8/1/1991,13,89.1896,81.1991
8/1/1991,14,358.7508,233.1933
8/1/1991,15,671.0133,225.6767
8/1/1991,16,92.0407,80.6523
8/1/1991,17,58.0768,51.6968
8/1/1991,18,58.5595,50.7683
8/1/1991,19,30.3401,27.4609
8/1/1991,20,-2.0889,-1.4278
8/1/1991,21,-2.8297,-2.6543
8/1/1991,22,-2.9916,-2.6721
8/1/1991,23,-3.4403,-3.0148
8/2/1991,0,-3.5592,-3.1611
8/2/1991,1,-4.1323,-3.3830
8/2/1991,2,-4.6313,-3.7714
8/2/1991,3,-3.7123,-3.0603
8/2/1991,4,-3.5721,-2.9242
8/2/1991,5,-2.9767,-2.2858
8/2/1991,6,43.5066,25.7718
8/2/1991,7,184.9887,73.5895
8/2/1991,8,406.0283,181.6258
8/2/1991,9,575.5108,209.7783
8/2/1991,10,609.6183,299.8650
8/2/1991,11,330.9875,287.6633
8/2/1991,12,233.9792,212.1717
8/2/1991,13,665.1300,336.5133
8/2/1991,14,469.9633,297.4200
8/2/1991,15,292.3125,246.7342
8/2/1991,16,307.8350,244.9267
8/2/1991,17,46.8853,43.1393
8/2/1991,18,10.1842,8.8846
8/2/1991,19,15.2962,13.5524
8/2/1991,20,-0.4420,-0.3413
8/2/1991,21,-1.6175,-1.0609
8/2/1991,22,-1.9169,-0.7746
8/2/1991,23,-1.5332,-1.2513
8/3/1991,0,-1.5767,-1.6831
8/3/1991,1,-1.9910,-1.2095
8/3/1991,2,-1.4285,0.3838
8/3/1991,3,-1.2343,1.1863
8/3/1991,4,-2.0470,-0.6841
8/3/1991,5,-1.0374,-0.5192
8/3/1991,6,1.3865,1.2567
8/3/1991,7,16.3465,14.8469
8/3/1991,8,39.5597,35.8013
8/3/1991,9,28.7601,26.0777
8/3/1991,10,53.5826,48.3252
8/3/1991,11,180.4450,161.2842
8/3/1991,12,172.4967,153.3464
8/3/1991,13,84.7281,75.6443
8/3/1991,14,100.9307,90.0584
8/3/1991,15,110.6073,98.4583
8/3/1991,16,51.8816,46.8388
8/3/1991,17,108.2060,96.1262
8/3/1991,18,56.9342,51.2172
8/3/1991,19,4.6448,4.6888
8/3/1991,20,-0.5920,-0.5239
8/3/1991,21,-0.9361,-0.7924
8/3/1991,22,-0.9831,-0.9596
8/3/1991,23,-0.8902,-1.0137
8/4/1991,0,-1.1336,-1.0586
8/4/1991,1,-1.4432,-0.8845
8/4/1991,2,-1.2100,-0.6005
8/4/1991,3,-1.0323,-0.4914
8/4/1991,4,-1.2819,-0.7855
8/4/1991,5,-1.1664,-0.9565
8/4/1991,6,26.5441,23.7934
8/4/1991,7,121.3382,59.9684
8/4/1991,8,386.0150,79.6923
8/4/1991,9,425.3400,173.9183
8/4/1991,10,631.7108,235.0417
8/4/1991,11,549.8258,412.7100
8/4/1991,12,820.5067,398.2767
8/4/1991,13,412.1550,339.0408
8/4/1991,14,402.6192,321.7783
8/4/1991,15,799.0975,187.4150
8/4/1991,16,197.4255,115.5291
8/4/1991,17,463.0842,146.7649
8/4/1991,18,240.7683,61.6688
8/4/1991,19,46.4601,30.6502
8/4/1991,20,-6.5544,-3.4175
8/4/1991,21,-4.5365,-3.4106
8/4/1991,22,-3.7839,-2.9510
8/4/1991,23,-3.7512,-3.1151
8/5/1991,0,-4.5776,-3.6461
8/5/1991,1,-2.7452,-2.0026
8/5/1991,2,-3.1124,-2.7988
8/5/1991,3,-4.3018,-3.5879
8/5/1991,4,-2.6014,-2.1642
8/5/1991,5,-0.8177,-0.7877
8/5/1991,6,60.9633,39.7967
8/5/1991,7,215.7850,92.4548
8/5/1991,8,431.3442,84.2122
8/5/1991,9,586.5517,54.3877
8/5/1991,10,752.0733,60.7857
8/5/1991,11,870.9117,67.6951
8/5/1991,12,941.7958,87.3938
8/5/1991,13,789.4700,185.4817
8/5/1991,14,901.5808,140.1250
8/5/1991,15,317.9391,146.5930
8/5/1991,16,212.6579,69.2023
8/5/1991,17,482.0817,92.4516
8/5/1991,18,249.3567,64.3922
8/5/1991,19,67.7062,32.9365
8/5/1991,20,-2.2708,-1.7030
8/5/1991,21,-3.8861,-3.4731
8/5/1991,22,-3.0040,-2.6027
8/5/1991,23,-3.1001,-2.6607
8/6/1991,0,-2.1112,-2.0821
8/6/1991,1,-2.1848,-2.0782
8/6/1991,2,-3.1501,-2.9301
8/6/1991,3,-3.5163,-2.9657
8/6/1991,4,-3.9527,-3.5531
8/6/1991,5,-2.8035,-2.3655
8/6/1991,6,33.6864,26.9371
8/6/1991,7,199.9320,113.9331
8/6/1991,8,349.8583,176.3725
8/6/1991,9,449.3508,224.2167
8/6/1991,10,512.3200,296.5800
8/6/1991,11,775.3675,155.0008
8/6/1991,12,941.4817,121.9267
8/6/1991,13,672.5758,286.4375
8/6/1991,14,533.9200,290.1975
8/6/1991,15,105.3062,100.9116
8/6/1991,16,37.2935,35.3222
8/6/1991,17,63.2854,56.0701
8/6/1991,18,15.0853,14.0542
8/6/1991,19,59.5209,46.3292
8/6/1991,20,-0.5585,-0.4233
8/6/1991,21,-4.0546,-3.6027
8/6/1991,22,-4.7480,-3.7792
8/6/1991,23,-3.5501,-3.0064
8/7/1991,0,-5.8631,-4.5347
8/7/1991,1,-5.1287,-4.0279
8/7/1991,2,-4.5367,-3.4862
8/7/1991,3,-4.6262,-3.7618
8/7/1991,4,-4.2696,-3.4770
8/7/1991,5,-3.3301,-2.8471
8/7/1991,6,41.1377,23.9362
8/7/1991,7,208.1767,46.5620
8/7/1991,8,410.3542,50.6063
8/7/1991,9,592.4675,54.2043
8/7/1991,10,750.1950,57.9617
8/7/1991,11,867.4583,63.5206
8/7/1991,12,941.6092,74.3185
8/7/1991,13,898.7225,107.5678
8/7/1991,14,875.0192,153.3260
8/7/1991,15,385.9283,262.6433
8/7/1991,16,451.3550,209.1600
8/7/1991,17,228.5747,108.1393
8/7/1991,18,91.3682,55.8896
8/7/1991,19,42.6471,24.2551
8/7/1991,20,-4.0906,-3.1908
8/7/1991,21,-5.2987,-4.3506
8/7/1991,22,-5.0458,-4.2076
8/7/1991,23,-4.1081,-3.5220
8/8/1991,0,-4.0761,-3.4657
8/8/1991,1,-3.6723,-3.3042
8/8/1991,2,-3.8558,-3.3848
8/8/1991,3,-4.3985,-3.7067
8/8/1991,4,-4.3946,-3.8352
8/8/1991,5,-3.3386,-2.7913
8/8/1991,6,37.2017,22.9997
8/8/1991,7,161.1825,91.9324
8/8/1991,8,390.6150,97.0853
8/8/1991,9,596.1250,66.4269
8/8/1991,10,786.4667,105.0631
8/8/1991,11,602.9033,300.6467
8/8/1991,12,845.6167,123.9761
8/8/1991,13,982.2450,152.5494
8/8/1991,14,270.2242,196.4667
8/8/1991,15,560.1500,257.4633
8/8/1991,16,272.2617,159.9442
8/8/1991,17,140.4117,124.9127
8/8/1991,18,229.6583,99.2627
8/8/1991,19,50.8711,25.0915
8/8/1991,20,-4.0404,-2.9836
8/8/1991,21,-4.8688,-4.0877
8/8/1991,22,-4.3301,-3.6474
8/8/1991,23,-3.8309,-3.1437
8/9/1991,0,-3.9424,-3.2791
8/9/1991,1,-3.6239,-2.9364
8/9/1991,2,-3.9429,-3.2493
8/9/1991,3,-4.7002,-4.0782
8/9/1991,4,-3.9789,-3.2914
8/9/1991,5,-3.7974,-3.0563
8/9/1991,6,36.2507,21.6894
8/9/1991,7,195.3717,46.3347
8/9/1991,8,393.6300,53.3232
8/9/1991,9,582.4400,57.1142
8/9/1991,10,745.9817,63.6701
8/9/1991,11,862.9133,81.6462
8/9/1991,12,923.9733,112.6030
8/9/1991,13,898.1375,225.0325
8/9/1991,14,592.4275,253.8092
8/9/1991,15,195.2458,182.8683
8/9/1991,16,208.7667,193.2975
8/9/1991,17,228.3476,175.4456
8/9/1991,18,18.3409,17.2592
8/9/1991,19,9.0850,9.4094
8/9/1991,20,-0.4923,-0.2515
8/9/1991,21,-3.3409,-3.1499
8/9/1991,22,-4.8793,-4.1437
8/9/1991,23,-4.5259,-3.8878
8/10/1991,0,-4.0284,-3.2022
8/10/1991,1,-5.1052,-4.2115
8/10/1991,2,-3.9111,-3.1283
8/10/1991,3,-3.9365,-3.3016
8/10/1991,4,-5.6855,-4.5251
8/10/1991,5,-3.5993,-2.8930
8/10/1991,6,12.0341,11.3303
8/10/1991,7,191.0378,57.0929
8/10/1991,8,351.5850,121.2717
8/10/1991,9,587.3375,95.7103
8/10/1991,10,760.0342,111.2234
8/10/1991,11,864.3125,126.4867
8/10/1991,12,606.5592,144.2733
8/10/1991,13,584.8600,257.9825
8/10/1991,14,848.7425,104.6075
8/10/1991,15,409.0354,187.2846
8/10/1991,16,374.5342,183.7667
8/10/1991,17,207.5642,161.1383
8/10/1991,18,51.2560,46.5188
8/10/1991,19,21.1153,18.1844
8/10/1991,20,-3.0275,-2.6091
8/10/1991,21,-3.0976,-2.7793
8/10/1991,22,-3.7902,-3.2474
8/10/1991,23,-4.4567,-3.7688
8/11/1991,0,-4.3583,-3.5027
8/11/1991,1,-3.5474,-2.9449
8/11/1991,2,-4.0865,-3.4063
8/11/1991,3,-3.9066,-3.3251
8/11/1991,4,-4.0030,-3.2865
8/11/1991,5,-4.6906,-3.9072
8/11/1991,6,31.7673,20.8202
8/11/1991,7,184.7848,48.7658
8/11/1991,8,381.9000,53.8454
8/11/1991,9,567.1775,57.4748
8/11/1991,10,731.7025,64.0658
8/11/1991,11,799.6558,96.0938
8/11/1991,12,758.1258,276.8708
8/11/1991,13,608.1242,314.9092
8/11/1991,14,865.9125,108.0350
8/11/1991,15,491.2575,158.3242
8/11/1991,16,96.9793,90.6260
8/11/1991,17,113.8383,103.4962
8/11/1991,18,65.2379,58.8818
8/11/1991,19,34.5086,30.0228
8/11/1991,20,-2.8321,-2.4605
8/11/1991,21,-4.4568,-3.9546
8/11/1991,22,-4.5201,-3.8261
8/11/1991,23,-3.5616,-2.9356
8/12/1991,0,-3.2034,-2.6307
8/12/1991,1,-2.2262,-1.9282
8/12/1991,2,-2.2149,-1.9120
8/12/1991,3,-2.9660,-2.5466
8/12/1991,4,-2.8619,-2.3842
8/12/1991,5,-3.0431,-2.4647
8/12/1991,6,13.8092,12.6997
8/12/1991,7,70.6851,59.9285
8/12/1991,8,107.3074,95.9057
8/12/1991,9,71.9477,65.0667
8/12/1991,10,175.9763,154.9356
8/12/1991,11,230.8267,206.4850
8/12/1991,12,350.8483,307.5700
8/12/1991,13,371.5933,299.4250
8/12/1991,14,268.8183,241.8067
8/12/1991,15,145.2037,131.4689
8/12/1991,16,145.5101,129.2488
8/12/1991,17,44.4149,39.7454
8/12/1991,18,25.5597,22.3003
8/12/1991,19,3.8309,3.2771
8/12/1991,20,-0.8380,-0.7520
8/12/1991,21,-0.9540,-0.9633
8/12/1991,22,-1.0910,-1.1397
8/12/1991,23,-1.2285,-1.4353
8/13/1991,0,-1.7978,-1.9475
8/13/1991,1,-2.9783,-2.4080
8/13/1991,2,-3.9462,-2.5328
8/13/1991,3,-3.0282,-1.7589
8/13/1991,4,-3.2139,-1.3217
8/13/1991,5,-3.3397,-0.9008
8/13/1991,6,13.1132,14.1013
8/13/1991,7,132.5089,105.0233
8/13/1991,8,197.9367,171.3650
8/13/1991,9,487.9408,229.8250
8/13/1991,10,437.4658,302.4675
8/13/1991,11,748.7092,442.1583
8/13/1991,12,622.2850,401.0075
8/13/1991,13,450.4917,358.6425
8/13/1991,14,515.6817,324.8833
8/13/1991,15,638.3900,261.2467
8/13/1991,16,394.0450,260.2325
8/13/1991,17,331.7483,192.2658
8/13/1991,18,151.5972,84.1287
8/13/1991,19,22.4985,21.3942
8/13/1991,20,-4.2841,-3.4658
8/13/1991,21,-4.8267,-3.8704
8/13/1991,22,-4.4362,-3.6816
8/13/1991,23,-3.9883,-3.4296
8/14/1991,0,-3.8262,-3.1358
8/14/1991,1,-4.1732,-3.5731
8/14/1991,2,-4.0094,-3.1787
8/14/1991,3,-3.6304,-2.9931
8/14/1991,4,-3.8896,-3.1193
8/14/1991,5,-3.7110,-2.9716
8/14/1991,6,30.2702,18.7609
8/14/1991,7,183.8858,41.2342
8/14/1991,8,382.5292,45.1348
8/14/1991,9,571.7217,48.8219
8/14/1991,10,729.8808,55.9408
8/14/1991,11,844.4283,61.4732
8/14/1991,12,915.2700,66.3043
8/14/1991,13,939.5017,98.3333
8/14/1991,14,693.5800,129.2735
8/14/1991,15,726.7858,94.8339
8/14/1991,16,497.5850,137.1926
8/14/1991,17,329.0675,74.9643
8/14/1991,18,103.1748,54.4038
8/14/1991,19,31.4562,17.1865
8/14/1991,20,-6.4132,-4.8379
8/14/1991,21,-4.7965,-4.0037
8/14/1991,22,-4.4780,-3.8073
8/14/1991,23,-4.3480,-3.7038
8/15/1991,0,-5.1780,-4.4217
8/15/1991,1,-4.3899,-3.8686
8/15/1991,2,-3.3827,-3.0910
8/15/1991,3,-3.2113,-2.8311
8/15/1991,4,-2.9962,-2.6454
8/15/1991,5,-3.1948,-2.7707
8/15/1991,6,41.3051,31.1617
8/15/1991,7,88.4719,68.5919
8/15/1991,8,324.1831,129.5083
8/15/1991,9,351.6000,232.2733
8/15/1991,10,472.1775,253.5983
8/15/1991,11,476.6492,339.4017
8/15/1991,12,610.4775,258.7808
8/15/1991,13,659.2658,269.1467
8/15/1991,14,670.0592,261.8833
8/15/1991,15,149.2260,121.1725
8/15/1991,16,68.2355,60.5144
8/15/1991,17,120.1934,101.8410
8/15/1991,18,46.7370,41.6835
8/15/1991,19,5.9503,5.4212
8/15/1991,20,-3.3263,-3.6794
8/15/1991,21,-4.2820,-5.4914
8/15/1991,22,-2.3193,-2.7380
8/15/1991,23,-2.7721,-2.6136
8/16/1991,0,-2.7625,-2.4163
8/16/1991,1,-3.9463,-3.4547
8/16/1991,2,-4.9881,-4.0381
8/16/1991,3,-4.2227,-3.5307
8/16/1991,4,-3.7822,-3.2679
8/16/1991,5,-2.3091,-2.1428
8/16/1991,6,28.0979,22.9916
8/16/1991,7,173.3948,39.5638
8/16/1991,8,408.0125,68.7189
8/16/1991,9,497.8358,164.2991
8/16/1991,10,689.1883,107.2257
8/16/1991,11,857.3283,117.5706
8/16/1991,12,898.8308,104.1908
8/16/1991,13,897.5158,98.5802
8/16/1991,14,864.8483,100.4093
8/16/1991,15,583.0185,244.4488
8/16/1991,16,418.0457,99.8318
8/16/1991,17,236.3542,70.7161
8/16/1991,18,88.7290,53.1059
8/16/1991,19,31.1572,20.5956
8/16/1991,20,-4.2589,-3.4838
8/16/1991,21,-3.9539,-3.3569
8/16/1991,22,-4.1250,-3.4407
8/16/1991,23,-4.2959,-3.3278
8/17/1991,0,-4.9349,-3.7905
8/17/1991,1,-4.7434,-3.7877
8/17/1991,2,-4.3384,-3.4350
8/17/1991,3,-4.4266,-3.5084
8/17/1991,4,-4.2365,-3.4109
8/17/1991,5,-4.4896,-3.6247
8/17/1991,6,24.1032,15.1872
8/17/1991,7,172.9027,44.3416
8/17/1991,8,370.1083,50.8105
8/17/1991,9,556.5200,55.1095
8/17/1991,10,718.6808,65.1508
8/17/1991,11,835.3492,72.7209
8/17/1991,12,897.8900,87.7410
8/17/1991,13,884.4983,127.7496
8/17/1991,14,838.3300,120.3825
8/17/1991,15,737.8075,117.5562
8/17/1991,16,573.8000,87.6661
8/17/1991,17,356.3092,75.5962
8/17/1991,18,181.3867,53.6641
8/17/1991,19,34.4483,23.1050
8/17/1991,20,-5.9132,-4.3808
8/17/1991,21,-4.0979,-3.4345
8/17/1991,22,-3.7402,-3.1312
8/17/1991,23,-3.3883,-2.8798
8/18/1991,0,-3.7669,-3.1258
8/18/1991,1,-3.7216,-3.1599
8/18/1991,2,-4.4827,-3.7448
8/18/1991,3,-4.4119,-3.7839
8/18/1991,4,-4.1523,-3.3453
8/18/1991,5,-3.7833,-2.9885
8/18/1991,6,23.6545,16.5645
8/18/1991,7,162.9024,54.5240
8/18/1991,8,358.7567,69.7122
8/18/1991,9,537.4775,90.9966
8/18/1991,10,720.3767,111.7524
8/18/1991,11,826.3500,147.4325
8/18/1991,12,895.3500,215.0008
8/18/1991,13,727.2550,234.5300
8/18/1991,14,584.0633,291.1592
8/18/1991,15,624.5750,297.7667
8/18/1991,16,478.5825,206.8433
8/18/1991,17,187.4331,126.9438
8/18/1991,18,88.3797,77.4672
8/18/1991,19,14.8490,13.3919
8/18/1991,20,-3.1530,-2.5139
8/18/1991,21,-3.4732,-3.3819
8/18/1991,22,-1.8900,-2.2477
8/18/1991,23,-1.3320,-1.2852
8/19/1991,0,-3.2780,-2.9015
8/19/1991,1,-3.8405,-3.3078
8/19/1991,2,-4.3748,-3.7109
8/19/1991,3,-3.3111,-2.7369
8/19/1991,4,-3.1296,-2.5382
8/19/1991,5,-2.0595,-1.7233
8/19/1991,6,21.6261,17.3879
8/19/1991,7,74.6563,66.5154
8/19/1991,8,78.9058,72.7323
8/19/1991,9,84.6337,79.3270
8/19/1991,10,112.9725,104.8923
8/19/1991,11,203.7208,176.6875
8/19/1991,12,270.8604,241.6031
8/19/1991,13,104.2451,95.9524
8/19/1991,14,269.3083,231.5742
8/19/1991,15,418.5800,310.6975
8/19/1991,16,190.9492,166.0992
8/19/1991,17,324.7237,171.5870
8/19/1991,18,109.5824,69.2086
8/19/1991,19,15.6736,14.8059
8/19/1991,20,-3.9118,-3.2318
8/19/1991,21,-5.5080,-4.3622
8/19/1991,22,-4.1466,-3.4307
8/19/1991,23,-3.4694,-2.8900
8/20/1991,0,-3.5981,-3.0612
8/20/1991,1,-3.1965,-2.7750
8/20/1991,2,-4.3431,-3.7548
8/20/1991,3,-3.2454,-2.7528
8/20/1991,4,-3.2319,-2.6422
8/20/1991,5,-3.5301,-3.0082
8/20/1991,6,27.0221,19.7492
8/20/1991,7,185.8662,58.6328
8/20/1991,8,299.6033,120.0016
8/20/1991,9,637.8783,136.5124
8/20/1991,10,691.0433,168.4377
8/20/1991,11,654.7758,220.5058
8/20/1991,12,474.9600,264.2192
8/20/1991,13,543.7775,231.1900
8/20/1991,14,235.2215,180.3424
8/20/1991,15,512.8750,187.6608
8/20/1991,16,167.9053,140.2141
8/20/1991,17,60.4399,55.2880
8/20/1991,18,117.4406,74.8628
8/20/1991,19,19.4991,15.9166
8/20/1991,20,-2.9740,-2.5072
8/20/1991,21,-4.4002,-3.6726
8/20/1991,22,-4.9297,-4.1322
8/20/1991,23,-3.0187,-2.9305
8/21/1991,0,-3.6735,-3.3592
8/21/1991,1,-3.5326,-3.1124
8/21/1991,2,-3.6464,-3.1883
8/21/1991,3,-3.5852,-3.0768
8/21/1991,4,-3.3181,-2.8833
8/21/1991,5,-3.5405,-3.0753
8/21/1991,6,21.8665,14.8054
8/21/1991,7,168.7004,43.2946
8/21/1991,8,368.8542,50.1058
8/21/1991,9,553.5358,53.7899
8/21/1991,10,714.2433,60.4731
8/21/1991,11,844.4442,69.5485
8/21/1991,12,919.2717,96.9969
8/21/1991,13,901.9550,98.8227
8/21/1991,14,596.1808,167.3708
8/21/1991,15,348.4025,175.2833
8/21/1991,16,478.7458,215.1000
8/21/1991,17,275.5767,127.8693
8/21/1991,18,168.2271,90.3963
8/21/1991,19,30.5110,19.3525
8/21/1991,20,-5.7614,-4.6245
8/21/1991,21,-4.7874,-4.0782
8/21/1991,22,-4.7613,-4.1757
8/21/1991,23,-4.2797,-3.8901
8/22/1991,0,-4.5236,-4.0960
8/22/1991,1,-3.7828,-3.2966
8/22/1991,2,-3.5219,-3.1155
8/22/1991,3,-4.4574,-3.8042
8/22/1991,4,-3.8768,-3.4196
8/22/1991,5,-3.7307,-3.2850
8/22/1991,6,19.7517,13.6964
8/22/1991,7,164.1968,45.0880
8/22/1991,8,368.3833,54.5196
8/22/1991,9,547.7150,57.9347
8/22/1991,10,717.5542,69.2478
8/22/1991,11,748.5750,189.6558
8/22/1991,12,662.7700,189.9742
8/22/1991,13,874.0500,215.0442
8/22/1991,14,434.6142,235.2483
8/22/1991,15,273.1108,173.0120
8/22/1991,16,326.4217,220.1075
8/22/1991,17,218.3500,157.6042
8/22/1991,18,86.6553,69.2500
8/22/1991,19,19.6204,17.0630
8/22/1991,20,-5.4172,-4.5618
8/22/1991,21,-3.3821,-2.8818
8/22/1991,22,-3.4771,-3.0055
8/22/1991,23,-3.6684,-3.1998
8/23/1991,0,-3.5750,-3.1874
8/23/1991,1,-4.2083,-3.6595
8/23/1991,2,-4.0567,-3.5233
8/23/1991,3,-4.2020,-3.6091
8/23/1991,4,-4.1314,-3.5566
8/23/1991,5,-3.8643,-3.3539
8/23/1991,6,18.3883,13.0836
8/23/1991,7,168.1299,51.4911
8/23/1991,8,324.4942,66.0455
8/23/1991,9,538.2667,58.3238
8/23/1991,10,706.6050,66.1905
8/23/1991,11,764.0825,106.5206
8/23/1991,12,737.7092,239.2958
8/23/1991,13,749.3767,187.3450
8/23/1991,14,277.4233,211.9367
8/23/1991,15,221.6608,175.7017
8/23/1991,16,157.4700,128.4122
8/23/1991,17,340.4500,142.7530
8/23/1991,18,80.6421,51.6526
8/23/1991,19,11.7804,10.8178
8/23/1991,20,-6.0936,-4.7275
8/23/1991,21,-5.4484,-4.5355
8/23/1991,22,-4.2191,-3.8468
8/23/1991,23,-5.1801,-4.4148
8/24/1991,0,-4.0295,-3.6386
8/24/1991,1,-5.5084,-4.8551
8/24/1991,2,-5.0720,-4.4573
8/24/1991,3,-4.2847,-3.6239
8/24/1991,4,-4.0369,-3.3624
8/24/1991,5,-4.1478,-3.5218
8/24/1991,6,15.2323,10.0657
8/24/1991,7,158.7121,41.8958
8/24/1991,8,359.5625,50.2900
8/24/1991,9,542.9667,54.0439
8/24/1991,10,709.7958,64.9897
8/24/1991,11,859.9133,93.2822
8/24/1991,12,514.0070,186.0345
8/24/1991,13,243.7093,168.7058
8/24/1991,14,850.3442,177.8158
8/24/1991,15,712.2900,151.1308
8/24/1991,16,433.2425,117.9237
8/24/1991,17,135.7735,86.2977
8/24/1991,18,22.1306,22.7738
8/24/1991,19,5.6816,5.8426
8/24/1991,20,-3.2061,-2.7302
8/24/1991,21,-3.1133,-2.6698
8/24/1991,22,-3.4297,-2.9778
8/24/1991,23,-4.0884,-3.5543
8/25/1991,0,-3.4579,-2.9693
8/25/1991,1,-4.5496,-3.9157
8/25/1991,2,-3.1252,-2.6829
8/25/1991,3,-3.3838,-2.9762
8/25/1991,4,-3.7862,-3.3337
8/25/1991,5,-4.1886,-3.6572
8/25/1991,6,15.7204,10.9795
8/25/1991,7,154.2059,40.7107
8/25/1991,8,352.3833,50.0066
8/25/1991,9,535.6375,54.7450
8/25/1991,10,698.5258,60.2742
8/25/1991,11,822.1033,67.7378
8/25/1991,12,888.2433,78.5272
8/25/1991,13,911.8717,107.5922
8/25/1991,14,552.2225,209.0117
8/25/1991,15,146.8342,139.9875
8/25/1991,16,158.6650,143.4200
8/25/1991,17,153.1217,132.5817
8/25/1991,18,60.8598,53.1117
8/25/1991,19,5.7857,5.4216
8/25/1991,20,-5.7687,-4.9627
8/25/1991,21,-4.3182,-3.6889
8/25/1991,22,-4.4138,-3.9226
8/25/1991,23,-5.5038,-4.8930
8/26/1991,0,-5.1829,-4.4411
8/26/1991,1,-3.9072,-3.5109
8/26/1991,2,-4.3396,-3.6409
8/26/1991,3,-4.2598,-3.5712
8/26/1991,4,-4.9362,-4.1842
8/26/1991,5,-4.1981,-3.5403
8/26/1991,6,15.8126,11.4546
8/26/1991,7,151.7979,41.4612
8/26/1991,8,347.1333,50.0098
8/26/1991,9,527.5675,56.2131
8/26/1991,10,689.2142,63.3633
8/26/1991,11,813.5517,72.4988
8/26/1991,12,877.7958,78.7756
8/26/1991,13,884.2625,87.6293
8/26/1991,14,737.5375,130.0903
8/26/1991,15,168.7775,152.9383
8/26/1991,16,147.6575,135.4650
8/26/1991,17,88.2598,80.4508
8/26/1991,18,45.8912,41.1286
8/26/1991,19,2.3790,2.2778
8/26/1991,20,-3.1381,-2.7491
8/26/1991,21,-3.9915,-3.6274
8/26/1991,22,-3.8947,-3.5996
8/26/1991,23,-3.9191,-3.3860
8/27/1991,0,-3.8144,-3.3280
8/27/1991,1,-3.8743,-3.3054
8/27/1991,2,-3.8618,-3.2961
8/27/1991,3,-3.8093,-3.2838
8/27/1991,4,-3.8087,-3.2746
8/27/1991,5,-3.7798,-3.2273
8/27/1991,6,13.3607,9.7358
8/27/1991,7,152.1937,45.6178
8/27/1991,8,363.7608,70.0512
8/27/1991,9,523.3458,55.7378
8/27/1991,10,687.4250,65.6691
8/27/1991,11,808.1975,72.0385
8/27/1991,12,862.1683,78.9310
8/27/1991,13,871.1792,113.0614
8/27/1991,14,745.3967,173.8500
8/27/1991,15,492.8908,233.2133
8/27/1991,16,375.3025,201.6250
8/27/1991,17,211.4752,102.2415
8/27/1991,18,107.9963,80.0874
8/27/1991,19,13.2426,12.3959
8/27/1991,20,-2.9672,-2.6429
8/27/1991,21,-4.6262,-4.8812
8/27/1991,22,-3.5919,-3.3725
8/27/1991,23,-3.9105,-3.3439
8/28/1991,0,-3.1494,-2.6901
8/28/1991,1,-2.8603,-2.5153
8/28/1991,2,-3.5031,-2.9509
8/28/1991,3,-5.1248,-4.4712
8/28/1991,4,-4.4074,-3.8020
8/28/1991,5,-4.3531,-3.7162
8/28/1991,6,15.0849,10.9191
8/28/1991,7,146.7571,39.3621
8/28/1991,8,347.9500,49.5530
8/28/1991,9,526.6358,54.6903
8/28/1991,10,684.7583,62.4303
8/28/1991,11,799.9408,72.9834
8/28/1991,12,869.3575,121.1054
8/28/1991,13,457.6801,203.2773
8/28/1991,14,44.4757,38.6545
8/28/1991,15,123.2197,108.8749
8/28/1991,16,21.2447,19.4230
8/28/1991,17,19.3771,15.9089
8/28/1991,18,6.1143,5.4859
8/28/1991,19,16.6311,13.0260
8/28/1991,20,-1.9409,-1.8578
8/28/1991,21,-4.7968,-3.9778
8/28/1991,22,-3.5842,-2.8265
8/28/1991,23,-4.4817,-3.7999
8/29/1991,0,-3.9744,-3.2445
8/29/1991,1,-4.8954,-3.7879
8/29/1991,2,-3.6006,-2.7983
8/29/1991,3,-3.6515,-3.0421
8/29/1991,4,-4.0424,-3.2845
8/29/1991,5,-3.5767,-2.9155
8/29/1991,6,13.1812,8.7884
8/29/1991,7,149.2185,38.7659
8/29/1991,8,350.7783,48.9799
8/29/1991,9,528.1108,56.1111
8/29/1991,10,697.9817,66.0867
8/29/1991,11,630.9617,148.1285
8/29/1991,12,670.1750,187.5316
8/29/1991,13,823.5517,137.4593
8/29/1991,14,513.3458,199.3158
8/29/1991,15,517.7417,263.0108
8/29/1991,16,202.8450,113.4659
8/29/1991,17,280.1375,132.5303
8/29/1991,18,118.1266,69.8033
8/29/1991,19,4.2650,4.9581
8/29/1991,20,-4.8020,-3.9740
8/29/1991,21,-5.2060,-4.4428
8/29/1991,22,-4.2320,-3.6071
8/29/1991,23,-4.0928,-3.5235
8/30/1991,0,-4.1302,-3.6257
8/30/1991,1,-3.8994,-3.3557
8/30/1991,2,-3.5968,-3.0797
8/30/1991,3,-4.1929,-3.4334
8/30/1991,4,-4.2511,-3.5293
8/30/1991,5,-4.0004,-3.3119
8/30/1991,6,11.5494,8.5999
8/30/1991,7,138.6768,41.4638
8/30/1991,8,266.2675,50.4475
8/30/1991,9,545.3525,58.6521
8/30/1991,10,677.9858,68.5492
8/30/1991,11,799.9350,72.4752
8/30/1991,12,868.3108,72.7725
8/30/1991,13,866.7075,74.2100
8/30/1991,14,812.9908,72.8204
8/30/1991,15,688.1633,68.5683
8/30/1991,16,521.5058,63.6857
8/30/1991,17,326.2917,53.7852
8/30/1991,18,128.0446,40.8093
8/30/1991,19,6.1672,5.3709
8/30/1991,20,-7.8802,-6.0827
8/30/1991,21,-7.2606,-5.6966
8/30/1991,22,-4.5084,-3.4571
8/30/1991,23,-5.6356,-4.5814
8/31/1991,0,-6.3181,-5.2593
8/31/1991,1,-4.7220,-3.8342
8/31/1991,2,-4.3758,-3.5193
8/31/1991,3,-3.8953,-3.1301
8/31/1991,4,-3.7653,-3.1078
8/31/1991,5,-3.8168,-3.1156
8/31/1991,6,9.4753,7.1685
8/31/1991,7,137.6529,43.0034
8/31/1991,8,333.7550,53.7664
8/31/1991,9,518.3317,60.5356
8/31/1991,10,687.5158,66.5434
8/31/1991,11,810.5192,70.5713
8/31/1991,12,880.4858,71.3635
8/31/1991,13,878.3508,72.0573
8/31/1991,14,813.7033,72.7581
8/31/1991,15,651.1742,73.0343
8/31/1991,16,528.8958,69.3488
8/31/1991,17,321.8375,56.9015
8/31/1991,18,133.9478,39.8172
8/31/1991,19,6.7402,4.6066
8/31/1991,20,-6.0722,-5.4560
8/31/1991,21,-6.3452,-5.6350
8/31/1991,22,-5.7085,-4.8720
8/31/1991,23,-5.8981,-4.9339
