DATE,HOUR-MST,Avg Global PSP [W/m^2],Avg Direct NIP #2 [W/m^2],Avg Diffuse PSP (sband corr) [W/m^2],Avg Total Cloud Cover [%],Avg Opaque Cloud Cover [%]
7/1/2004,1,-2.5854,0.7128,-3.5435,-99999,-99999
7/1/2004,2,-1.6189,0.8435,-2.2365,-99999,-99999
7/1/2004,3,-1.8606,0.7927,-1.8183,-99999,-99999
7/1/2004,4,-3.2856,0.5330,-2.8852,-99999,-99999
7/1/2004,5,0.8877,0.5308,1.3866,-99999,-99999
7/1/2004,6,58.5865,89.8743,47.5275,-99999,-99999
7/1/2004,7,222.4019,403.8879,100.4257,-99999,-99999
7/1/2004,8,483.5297,802.5622,92.1110,-99999,-99999
7/1/2004,9,674.3028,838.4362,110.5412,-99999,-99999
7/1/2004,10,845.0988,910.3483,102.3020,-99999,-99999
7/1/2004,11,985.7978,929.8607,131.6309,-99999,-99999
7/1/2004,12,1008.4970,851.4320,177.5567,-99999,-99999
7/1/2004,13,973.9055,836.6508,158.0965,-99999,-99999
7/1/2004,14,797.5790,614.2209,218.0154,-99999,-99999
7/1/2004,15,564.0757,358.4845,262.3282,-99999,-99999
7/1/2004,16,719.0032,888.8582,122.0726,-99999,-99999
7/1/2004,17,439.1057,619.7617,122.4414,-99999,-99999
7/1/2004,18,258.2773,536.6075,86.0508,-99999,-99999
7/1/2004,19,57.9052,153.9220,37.8421,-99999,-99999
7/1/2004,20,1.6294,8.7780,2.4325,-99999,-99999
7/1/2004,21,-5.0448,0.2500,-4.3224,-99999,-99999
7/1/2004,22,-4.4473,0.5595,-3.9574,-99999,-99999
7/1/2004,23,-4.3546,0.2222,-4.0540,-99999,-99999
7/2/2004,0,-3.4205,0.4393,-2.9448,-99999,-99999
7/2/2004,1,-3.9181,0.1112,-3.2365,-99999,-99999
7/2/2004,2,-3.6218,0.2724,-3.2347,-99999,-99999
7/2/2004,3,-3.4733,0.5612,-2.8366,-99999,-99999
7/2/2004,4,-3.7524,0.2966,-3.1434,-99999,-99999
7/2/2004,5,2.6844,46.0175,4.0279,-99999,-99999
7/2/2004,6,100.1046,513.9738,57.6631,-99999,-99999
7/2/2004,7,285.9913,764.8330,68.6727,-99999,-99999
7/2/2004,8,488.5383,876.8427,64.8509,-99999,-99999
7/2/2004,9,686.6938,927.1668,71.3843,-99999,-99999
7/2/2004,10,851.2642,952.4618,79.8839,-99999,-99999
7/2/2004,11,907.6443,840.7748,133.2330,-99999,-99999
7/2/2004,12,342.3513,54.6027,286.9310,-99999,-99999
7/2/2004,13,923.2327,580.4644,357.3400,-99999,-99999
7/2/2004,14,600.4337,317.0270,326.2614,-99999,-99999
7/2/2004,15,563.7427,460.6118,184.5644,-99999,-99999
7/2/2004,16,707.7695,879.1398,116.4028,-99999,-99999
7/2/2004,17,469.5278,707.3548,111.0111,-99999,-99999
7/2/2004,18,263.0544,552.3457,93.1573,-99999,-99999
7/2/2004,19,72.7777,296.4573,48.6305,-99999,-99999
7/2/2004,20,1.4437,20.9975,2.6501,-99999,-99999
7/2/2004,21,-4.1284,-1.6470,-3.2829,-99999,-99999
7/2/2004,22,-4.0670,-0.1623,-3.5882,-99999,-99999
7/2/2004,23,-4.6818,-0.6984,-3.7665,-99999,-99999
7/3/2004,0,-3.8819,0.0102,-3.3569,-99999,-99999
7/3/2004,1,-3.8487,-0.3712,-3.4417,-99999,-99999
7/3/2004,2,-3.7156,-0.0951,-3.3275,-99999,-99999
7/3/2004,3,-3.9406,-0.3869,-3.4541,-99999,-99999
7/3/2004,4,-3.7102,-0.2544,-3.2780,-99999,-99999
7/3/2004,5,1.0307,33.4456,2.2512,-99999,-99999
7/3/2004,6,98.0749,515.0460,55.5699,-99999,-99999
7/3/2004,7,289.1047,786.0803,67.3938,-99999,-99999
7/3/2004,8,495.9587,905.9638,60.0922,-99999,-99999
7/3/2004,9,695.5555,958.3515,61.0411,-99999,-99999
7/3/2004,10,861.2113,975.0203,70.0148,-99999,-99999
7/3/2004,11,1001.6663,978.1330,104.7231,-99999,-99999
7/3/2004,12,798.7505,520.7854,293.8851,-99999,-99999
7/3/2004,13,329.9942,24.4693,306.0080,-99999,-99999
7/3/2004,14,301.2862,5.5546,299.7844,-99999,-99999
7/3/2004,15,359.4670,53.2205,314.6383,-99999,-99999
7/3/2004,16,317.5903,86.8949,256.6446,-99999,-99999
7/3/2004,17,239.9217,88.9548,191.9507,-99999,-99999
7/3/2004,18,213.1118,251.7685,143.2868,-99999,-99999
7/3/2004,19,64.6138,8.1181,63.3843,-99999,-99999
7/3/2004,20,-1.2127,-0.1392,-0.6550,-99999,-99999
7/3/2004,21,-3.9341,-0.0091,-3.2725,-99999,-99999
7/3/2004,22,-2.9651,0.7872,-2.5249,-99999,-99999
7/3/2004,23,-4.3141,0.8254,-3.9473,-99999,-99999
7/4/2004,0,-4.7554,-0.3153,-4.1838,-99999,-99999
7/4/2004,1,-3.9151,0.1856,-3.4159,-99999,-99999
7/4/2004,2,-4.0552,0.3838,-3.6570,-99999,-99999
7/4/2004,3,-5.3328,-0.1703,-4.7720,-99999,-99999
7/4/2004,4,-4.0130,0.8106,-3.6984,-99999,-99999
7/4/2004,5,0.3072,25.0841,1.3908,-99999,-99999
7/4/2004,6,62.4541,212.1919,44.4543,-99999,-99999
7/4/2004,7,275.7085,684.7868,79.5219,-99999,-99999
7/4/2004,8,489.7117,860.8818,77.1790,-99999,-99999
7/4/2004,9,691.3290,927.9775,80.2554,-99999,-99999
7/4/2004,10,713.7130,665.7454,186.8114,-99999,-99999
7/4/2004,11,204.1507,-2.9576,204.1198,-99999,-99999
7/4/2004,12,125.0271,-0.1052,125.0271,-99999,-99999
7/4/2004,13,309.9262,5.6985,309.8904,-99999,-99999
7/4/2004,14,433.1757,17.4100,423.9187,-99999,-99999
7/4/2004,15,525.2932,68.1299,468.8381,-99999,-99999
7/4/2004,16,421.5483,74.4763,369.2603,-99999,-99999
7/4/2004,17,96.8538,-0.8087,96.1506,-99999,-99999
7/4/2004,18,120.5970,4.7853,120.1165,-99999,-99999
7/4/2004,19,65.4001,2.6662,65.4001,-99999,-99999
7/4/2004,20,1.0517,-0.2604,1.6589,-99999,-99999
7/4/2004,21,-4.1582,-0.3148,-3.1909,-99999,-99999
7/4/2004,22,-3.4998,0.4751,-2.5165,-99999,-99999
7/4/2004,23,-2.9363,0.7566,-2.1582,-99999,-99999
7/5/2004,0,-4.5043,-1.1081,-3.4706,-99999,-99999
7/5/2004,1,-3.4706,-0.1121,-2.7299,-99999,-99999
7/5/2004,2,-2.4172,0.3712,-1.9557,-99999,-99999
7/5/2004,3,-1.8271,0.8119,-1.4085,-99999,-99999
7/5/2004,4,-2.2161,0.2906,-1.6655,-99999,-99999
7/5/2004,5,0.8638,17.8844,1.8807,-99999,-99999
7/5/2004,6,86.4095,410.1003,53.6657,-99999,-99999
7/5/2004,7,281.8898,763.2367,68.2713,-99999,-99999
7/5/2004,8,485.5203,887.7673,61.1667,-99999,-99999
7/5/2004,9,686.9662,935.9180,67.4402,-99999,-99999
7/5/2004,10,841.1110,889.3073,120.7105,-99999,-99999
7/5/2004,11,911.1790,723.7198,242.2225,-99999,-99999
7/5/2004,12,887.9453,666.1023,238.4693,-99999,-99999
7/5/2004,13,704.4032,326.8799,375.5064,-99999,-99999
7/5/2004,14,118.5814,-2.9997,118.5814,-99999,-99999
7/5/2004,15,269.5327,4.3774,269.4260,-99999,-99999
7/5/2004,16,133.6567,1.9168,133.6567,-99999,-99999
7/5/2004,17,65.2470,-4.2360,65.2470,-99999,-99999
7/5/2004,18,15.4690,-1.3799,16.1720,-99999,-99999
7/5/2004,19,43.7878,0.8316,43.6049,-99999,-99999
7/5/2004,20,2.5620,-0.3285,2.9192,-99999,-99999
7/5/2004,21,-1.0630,-1.0626,-1.0074,-99999,-99999
7/5/2004,22,-1.4433,2.1071,-1.3938,-99999,-99999
7/5/2004,23,-1.2118,1.4376,-1.0931,-99999,-99999
7/6/2004,0,-1.1380,0.3882,-0.9221,-99999,-99999
7/6/2004,1,-1.2648,0.1252,-1.1484,-99999,-99999
7/6/2004,2,-2.0350,-0.1734,-1.8392,-99999,-99999
7/6/2004,3,-1.6676,0.5031,-1.7243,-99999,-99999
7/6/2004,4,-4.8055,-0.1243,-4.2941,-99999,-99999
7/6/2004,5,-0.8048,0.4604,-0.4253,-99999,-99999
7/6/2004,6,90.3726,449.6554,53.6141,-99999,-99999
7/6/2004,7,273.4785,723.7095,72.0181,-99999,-99999
7/6/2004,8,477.7662,841.8947,72.0590,-99999,-99999
7/6/2004,9,683.9845,886.4820,95.5737,-99999,-99999
7/6/2004,10,844.6955,946.1002,75.6080,-99999,-99999
7/6/2004,11,966.3402,967.3712,77.4430,-99999,-99999
7/6/2004,12,1028.2583,968.9737,88.0895,-99999,-99999
7/6/2004,13,1026.5067,954.7253,99.5170,-99999,-99999
7/6/2004,14,954.1023,915.2585,110.9489,-99999,-99999
7/6/2004,15,832.8263,853.5560,129.5473,-99999,-99999
7/6/2004,16,663.4357,776.9450,137.2142,-99999,-99999
7/6/2004,17,450.2928,681.5788,109.9926,-99999,-99999
7/6/2004,18,282.0640,646.2550,86.0911,-99999,-99999
7/6/2004,19,102.9197,429.6107,63.2834,-99999,-99999
7/6/2004,20,3.0877,26.5996,4.1152,-99999,-99999
7/6/2004,21,-5.5187,-0.3972,-4.7663,-99999,-99999
7/6/2004,22,-4.3906,-0.2466,-3.9221,-99999,-99999
7/6/2004,23,-5.1294,-0.1259,-4.6303,-99999,-99999
7/7/2004,0,-4.6050,1.2037,-4.4961,-99999,-99999
7/7/2004,1,-4.4324,0.5654,-4.1449,-99999,-99999
7/7/2004,2,-3.9102,0.2415,-3.6945,-99999,-99999
7/7/2004,3,-3.6611,-0.0395,-3.1329,-99999,-99999
7/7/2004,4,-3.8627,0.2861,-3.2142,-99999,-99999
7/7/2004,5,1.9017,41.0397,3.7631,-99999,-99999
7/7/2004,6,92.2720,430.9902,57.0800,-99999,-99999
7/7/2004,7,288.7758,781.5642,73.4154,-99999,-99999
7/7/2004,8,496.1210,902.6522,68.8325,-99999,-99999
7/7/2004,9,686.4253,951.5063,64.6638,-99999,-99999
7/7/2004,10,851.9237,973.7763,68.1810,-99999,-99999
7/7/2004,11,981.3275,983.0508,80.2575,-99999,-99999
7/7/2004,12,1063.6583,994.2682,101.1679,-99999,-99999
7/7/2004,13,851.8408,656.7498,207.0323,-99999,-99999
7/7/2004,14,545.5563,253.7893,293.5316,-99999,-99999
7/7/2004,15,478.9327,280.3417,242.1864,-99999,-99999
7/7/2004,16,427.8077,311.1054,215.9396,-99999,-99999
7/7/2004,17,65.2905,-8.8391,65.0792,-99999,-99999
7/7/2004,18,95.3669,27.1389,89.3307,-99999,-99999
7/7/2004,19,50.1170,69.4560,48.6798,-99999,-99999
7/7/2004,20,-0.4125,-0.2535,0.3537,-99999,-99999
7/7/2004,21,-4.2122,-0.6543,-3.6369,-99999,-99999
7/7/2004,22,-3.6718,-0.4418,-3.0816,-99999,-99999
7/7/2004,23,-3.3964,0.1237,-3.0055,-99999,-99999
7/8/2004,0,-4.0135,-0.0912,-3.6723,-99999,-99999
7/8/2004,1,-3.9753,-0.2345,-3.7239,-99999,-99999
7/8/2004,2,-4.3407,-0.6889,-3.7322,-99999,-99999
7/8/2004,3,-4.0345,0.1931,-3.4966,-99999,-99999
7/8/2004,4,-6.1422,-0.6986,-5.8125,-99999,-99999
7/8/2004,5,-1.3438,12.9237,-0.5602,-99999,-99999
7/8/2004,6,84.0982,378.3143,56.2812,-99999,-99999
7/8/2004,7,269.7572,669.3633,86.4544,-99999,-99999
7/8/2004,8,469.8367,800.1940,90.6582,-99999,-99999
7/8/2004,9,667.0170,875.7350,91.3578,-99999,-99999
7/8/2004,10,835.6150,915.5882,100.4502,-99999,-99999
7/8/2004,11,961.1322,923.6360,122.1801,-99999,-99999
7/8/2004,12,764.4243,534.6344,233.7648,-99999,-99999
7/8/2004,13,775.9577,509.6752,273.5355,-99999,-99999
7/8/2004,14,668.9855,375.7043,319.0794,-99999,-99999
7/8/2004,15,471.9668,184.7301,322.8131,-99999,-99999
7/8/2004,16,498.9662,408.5128,229.5390,-99999,-99999
7/8/2004,17,496.5437,754.2389,124.1421,-99999,-99999
7/8/2004,18,235.9753,403.6062,115.2973,-99999,-99999
7/8/2004,19,112.5757,348.1897,80.7729,-99999,-99999
7/8/2004,20,0.4886,8.9441,2.7622,-99999,-99999
7/8/2004,21,-5.5581,-0.5384,-4.1166,-99999,-99999
7/8/2004,22,-6.1612,-1.2659,-4.4205,-99999,-99999
7/8/2004,23,-4.5166,0.3461,-3.2309,-99999,-99999
7/9/2004,0,-4.1511,0.2899,-3.1322,-99999,-99999
7/9/2004,1,-4.4612,-0.3328,-3.2970,-99999,-99999
7/9/2004,2,-4.2530,0.4411,-3.3309,-99999,-99999
7/9/2004,3,-5.8396,0.4074,-4.5987,-99999,-99999
7/9/2004,4,-4.6358,0.7724,-3.6410,-99999,-99999
7/9/2004,5,0.2510,12.0413,1.2250,-99999,-99999
7/9/2004,6,67.9378,246.8544,47.1421,-99999,-99999
7/9/2004,7,262.6177,672.6635,80.1674,-99999,-99999
7/9/2004,8,465.0030,824.5140,77.7021,-99999,-99999
7/9/2004,9,660.3570,883.1900,83.3969,-99999,-99999
7/9/2004,10,832.9297,928.3585,88.4614,-99999,-99999
7/9/2004,11,970.0542,957.1927,95.5640,-99999,-99999
7/9/2004,12,974.2652,795.0868,203.7140,-99999,-99999
7/9/2004,13,58.4070,-6.8432,58.7214,-99999,-99999
7/9/2004,14,8.1088,-11.0183,9.8331,-99999,-99999
7/9/2004,15,346.7528,220.7010,180.0640,-99999,-99999
7/9/2004,16,530.9250,410.0472,251.0041,-99999,-99999
7/9/2004,17,329.4350,328.8769,151.3560,-99999,-99999
7/9/2004,18,310.2652,625.2430,123.5758,-99999,-99999
7/9/2004,19,101.8464,284.4671,66.7604,-99999,-99999
7/9/2004,20,9.4132,0.3256,10.0612,-99999,-99999
7/9/2004,21,-2.8274,0.5776,-2.2721,-99999,-99999
7/9/2004,22,-2.9291,0.1954,-2.3467,-99999,-99999
7/9/2004,23,-3.8985,-0.4821,-2.6206,-99999,-99999
7/10/2004,0,-3.6848,-0.6518,-2.6518,-99999,-99999
7/10/2004,1,-2.4265,-0.2074,-1.6937,-99999,-99999
7/10/2004,2,-2.6455,0.1982,-2.0074,-99999,-99999
7/10/2004,3,-0.7497,1.9730,-0.7247,-99999,-99999
7/10/2004,4,-3.6105,-2.5697,-4.1689,-99999,-99999
7/10/2004,5,1.1045,2.7835,-0.5566,-99999,-99999
7/10/2004,6,26.1139,2.0171,26.1087,-99999,-99999
7/10/2004,7,95.0301,2.3792,95.0301,-99999,-99999
7/10/2004,8,198.6748,2.5286,196.9381,-99999,-99999
7/10/2004,9,436.8740,249.4686,259.3142,-99999,-99999
7/10/2004,10,611.5545,152.7766,476.0800,-99999,-99999
7/10/2004,11,830.5182,515.8014,345.5284,-99999,-99999
7/10/2004,12,628.1965,414.4080,221.9814,-99999,-99999
7/10/2004,13,941.3458,607.6530,343.1279,-99999,-99999
7/10/2004,14,856.2018,624.5307,242.4338,-99999,-99999
7/10/2004,15,815.9227,718.2144,209.6938,-99999,-99999
7/10/2004,16,537.9493,537.6404,165.5296,-99999,-99999
7/10/2004,17,367.5168,513.2872,127.4858,-99999,-99999
7/10/2004,18,209.4646,329.9329,98.1053,-99999,-99999
7/10/2004,19,53.5695,31.9536,53.5179,-99999,-99999
7/10/2004,20,10.4052,21.7384,11.4001,-99999,-99999
7/10/2004,21,-5.4018,0.0988,-4.0554,-99999,-99999
7/10/2004,22,-3.7027,-0.2857,-2.9558,-99999,-99999
7/10/2004,23,-3.9113,0.0644,-3.1555,-99999,-99999
7/11/2004,0,-3.5266,0.0571,-2.7651,-99999,-99999
7/11/2004,1,-3.5801,0.0746,-2.8093,-99999,-99999
7/11/2004,2,-3.7983,-0.2788,-2.9243,-99999,-99999
7/11/2004,3,-3.2288,0.1911,-2.4948,-99999,-99999
7/11/2004,4,-3.6985,-0.1048,-2.7174,-99999,-99999
7/11/2004,5,-0.6839,30.8824,2.0121,-99999,-99999
7/11/2004,6,86.9768,502.4303,51.5461,-99999,-99999
7/11/2004,7,271.2878,768.5338,63.7530,-99999,-99999
7/11/2004,8,477.0803,880.9973,61.9522,-99999,-99999
7/11/2004,9,679.7773,931.4572,67.9259,-99999,-99999
7/11/2004,10,866.0033,962.6453,90.5541,-99999,-99999
7/11/2004,11,1001.9313,969.8218,117.2385,-99999,-99999
7/11/2004,12,1028.1852,943.0510,110.8922,-99999,-99999
7/11/2004,13,955.1133,737.3796,220.3743,-99999,-99999
7/11/2004,14,717.1120,441.3372,287.4780,-99999,-99999
7/11/2004,15,610.1987,354.2915,322.1098,-99999,-99999
7/11/2004,16,447.0122,282.4614,250.2375,-99999,-99999
7/11/2004,17,507.9748,657.7185,185.4817,-99999,-99999
7/11/2004,18,248.0432,469.7591,112.0219,-99999,-99999
7/11/2004,19,91.7914,383.0671,55.0746,-99999,-99999
7/11/2004,20,-1.9108,16.4675,1.5524,-99999,-99999
7/11/2004,21,-5.1698,0.3508,-4.0319,-99999,-99999
7/11/2004,22,-4.8708,-0.3783,-3.7048,-99999,-99999
7/11/2004,23,-4.5361,0.7476,-3.6040,-99999,-99999
7/12/2004,0,-4.4412,0.3752,-3.6408,-99999,-99999
7/12/2004,1,-4.3417,0.8162,-3.5214,-99999,-99999
7/12/2004,2,-3.9831,0.2149,-3.0141,-99999,-99999
7/12/2004,3,-3.8253,0.6685,-2.9799,-99999,-99999
7/12/2004,4,-3.7980,0.5028,-2.9725,-99999,-99999
7/12/2004,5,-1.8632,28.2740,0.6027,-99999,-99999
7/12/2004,6,86.3727,490.0075,52.3815,-99999,-99999
7/12/2004,7,271.9152,754.0403,68.0152,-99999,-99999
7/12/2004,8,472.8182,871.7350,63.4483,-99999,-99999
7/12/2004,9,670.9290,925.3365,63.6457,-99999,-99999
7/12/2004,10,841.6273,953.7370,71.3713,-99999,-99999
7/12/2004,11,894.0682,851.6665,105.9796,-99999,-99999
7/12/2004,12,1011.9788,951.0858,91.2859,-99999,-99999
7/12/2004,13,1029.3567,951.6363,104.7929,-99999,-99999
7/12/2004,14,961.6822,930.1353,104.6316,-99999,-99999
7/12/2004,15,848.8343,901.6202,107.6686,-99999,-99999
7/12/2004,16,670.3178,811.7787,120.8612,-99999,-99999
7/12/2004,17,392.8213,499.1194,137.1555,-99999,-99999
7/12/2004,18,254.2281,390.3068,144.3646,-99999,-99999
7/12/2004,19,44.2288,48.5863,39.9077,-99999,-99999
7/12/2004,20,0.9629,6.2260,2.4143,-99999,-99999
7/12/2004,21,-4.5599,-0.1126,-3.3222,-99999,-99999
7/12/2004,22,-5.3353,-0.8610,-3.9276,-99999,-99999
7/12/2004,23,-4.9802,-0.4249,-3.8279,-99999,-99999
7/13/2004,0,-4.2192,-0.0599,-3.2127,-99999,-99999
7/13/2004,1,-4.9388,-0.7476,-3.8437,-99999,-99999
7/13/2004,2,-4.0268,0.0235,-3.2284,-99999,-99999
7/13/2004,3,-4.1769,-0.3526,-3.3244,-99999,-99999
7/13/2004,4,-3.9250,-0.1163,-3.2237,-99999,-99999
7/13/2004,5,-0.8901,17.9776,0.6966,-99999,-99999
7/13/2004,6,82.0541,438.8162,52.2838,-99999,-99999
7/13/2004,7,262.6507,728.1045,70.0090,-99999,-99999
7/13/2004,8,461.3735,845.2987,68.0851,-99999,-99999
7/13/2004,9,657.7472,898.9567,73.1529,-99999,-99999
7/13/2004,10,832.1107,941.1238,81.0231,-99999,-99999
7/13/2004,11,966.1313,966.5633,89.8909,-99999,-99999
7/13/2004,12,1053.6317,988.4495,107.6282,-99999,-99999
7/13/2004,13,1101.4717,982.3825,167.5549,-99999,-99999
7/13/2004,14,1001.4590,960.9890,122.2326,-99999,-99999
7/13/2004,15,864.5527,937.7235,97.0156,-99999,-99999
7/13/2004,16,680.2207,836.2950,108.9662,-99999,-99999
7/13/2004,17,413.4483,556.8583,138.2863,-99999,-99999
7/13/2004,18,294.8268,696.3897,85.4964,-99999,-99999
7/13/2004,19,80.6049,338.8017,51.1221,-99999,-99999
7/13/2004,20,-1.3848,0.3997,0.1746,-99999,-99999
7/13/2004,21,-5.8744,0.1545,-4.7514,-99999,-99999
7/13/2004,22,-7.4672,-1.4397,-5.7553,-99999,-99999
7/13/2004,23,-5.9569,-0.1285,-4.4993,-99999,-99999
7/14/2004,0,-4.8035,0.4620,-3.7229,-99999,-99999
7/14/2004,1,-4.0515,1.2540,-3.6037,-99999,-99999
7/14/2004,2,-4.1836,-0.4623,-3.1164,-99999,-99999
7/14/2004,3,-4.7047,-0.3890,-3.5118,-99999,-99999
7/14/2004,4,-4.8561,-1.1867,-3.4352,-99999,-99999
7/14/2004,5,-2.1459,0.9903,-1.2412,-99999,-99999
7/14/2004,6,64.9316,241.5519,48.9510,-99999,-99999
7/14/2004,7,229.9477,510.2187,103.6799,-99999,-99999
7/14/2004,8,337.6733,302.2368,197.1349,-99999,-99999
7/14/2004,9,569.2057,614.2926,156.7201,-99999,-99999
7/14/2004,10,810.0620,890.5420,102.7548,-99999,-99999
7/14/2004,11,937.3462,913.2858,109.8744,-99999,-99999
7/14/2004,12,1007.4063,920.5353,122.2490,-99999,-99999
7/14/2004,13,883.2642,625.7277,252.8917,-99999,-99999
7/14/2004,14,933.8967,551.0030,428.0065,-99999,-99999
7/14/2004,15,243.2459,43.8513,200.5188,-99999,-99999
7/14/2004,16,63.4638,-1.7001,63.4638,-99999,-99999
7/14/2004,17,77.8319,0.2198,77.8319,-99999,-99999
7/14/2004,18,26.7866,-1.6352,26.7866,-99999,-99999
7/14/2004,19,36.7598,0.5277,36.7598,-99999,-99999
7/14/2004,20,3.0969,-1.9365,3.5250,-99999,-99999
7/14/2004,21,-2.2671,0.4558,-1.6638,-99999,-99999
7/14/2004,22,-2.7446,0.3870,-2.0690,-99999,-99999
7/14/2004,23,-4.7761,-0.0415,-3.6642,-99999,-99999
7/15/2004,0,-3.3380,-0.0173,-2.5446,-99999,-99999
7/15/2004,1,-3.2638,0.2200,-2.5222,-99999,-99999
7/15/2004,2,-3.6770,-0.2598,-2.6639,-99999,-99999
7/15/2004,3,-3.7157,0.0986,-2.7747,-99999,-99999
7/15/2004,4,-3.4093,0.0135,-2.5312,-99999,-99999
7/15/2004,5,-1.0334,13.4231,0.4044,-99999,-99999
7/15/2004,6,65.9432,295.8586,42.6160,-99999,-99999
7/15/2004,7,252.8598,682.4723,73.8818,-99999,-99999
7/15/2004,8,459.1953,806.5683,84.0938,-99999,-99999
7/15/2004,9,646.2593,881.2915,75.6869,-99999,-99999
7/15/2004,10,813.2747,924.8823,77.9150,-99999,-99999
7/15/2004,11,919.0932,879.8990,116.4844,-99999,-99999
7/15/2004,12,938.5192,611.8135,314.1068,-99999,-99999
7/15/2004,13,455.7223,249.9270,186.6554,-99999,-99999
7/15/2004,14,119.9066,-3.7358,119.9066,-99999,-99999
7/15/2004,15,501.7532,132.8464,392.5701,-99999,-99999
7/15/2004,16,171.1270,-2.5695,171.1270,-99999,-99999
7/15/2004,17,21.6082,-10.0337,22.1792,-99999,-99999
7/15/2004,18,56.7811,5.8446,55.5517,-99999,-99999
7/15/2004,19,62.1284,13.3397,62.1284,-99999,-99999
7/15/2004,20,2.9143,1.9630,3.4612,-99999,-99999
7/15/2004,21,-2.0760,-0.2527,-1.3993,-99999,-99999
7/15/2004,22,-2.1087,0.5359,-1.4768,-99999,-99999
7/15/2004,23,-1.9248,0.4711,-1.3608,-99999,-99999
7/16/2004,0,-2.2948,-1.1047,-1.6587,-99999,-99999
7/16/2004,1,-1.9888,1.6519,-1.7912,-99999,-99999
7/16/2004,2,-2.3224,2.1321,-1.8863,-99999,-99999
7/16/2004,3,-2.5737,1.8677,-1.8523,-99999,-99999
7/16/2004,4,-2.0668,1.4732,-1.3719,-99999,-99999
7/16/2004,5,-0.6658,1.4003,-0.1168,-99999,-99999
7/16/2004,6,78.3913,154.3503,74.5993,-99999,-99999
7/16/2004,7,63.8211,0.7718,63.8211,-99999,-99999
7/16/2004,8,275.5979,101.3028,232.8588,-99999,-99999
7/16/2004,9,341.1585,41.3001,318.6297,-99999,-99999
7/16/2004,10,354.4487,37.8122,323.3618,-99999,-99999
7/16/2004,11,279.7597,3.5543,279.7597,-99999,-99999
7/16/2004,12,366.5350,5.3213,363.6058,-99999,-99999
7/16/2004,13,159.6070,-3.1276,159.6070,-99999,-99999
7/16/2004,14,204.0415,-3.7466,203.8988,-99999,-99999
7/16/2004,15,88.1983,-0.5759,88.1983,-99999,-99999
7/16/2004,16,49.3567,-0.9466,49.3567,-99999,-99999
7/16/2004,17,88.4336,0.9119,88.4336,-99999,-99999
7/16/2004,18,37.9685,0.4715,37.9685,-99999,-99999
7/16/2004,19,20.4934,-0.1871,20.4096,-99999,-99999
7/16/2004,20,0.5685,1.2156,0.2084,-99999,-99999
7/16/2004,21,-0.7389,2.1519,-0.9852,-99999,-99999
7/16/2004,22,-0.9846,1.5484,-0.9884,-99999,-99999
7/16/2004,23,-1.4504,2.0057,-1.1966,-99999,-99999
7/17/2004,0,-1.7209,1.6822,-1.3823,-99999,-99999
7/17/2004,1,-2.1198,1.8572,-2.5812,-99999,-99999
7/17/2004,2,-2.5287,1.3882,-2.8781,-99999,-99999
7/17/2004,3,-2.1688,1.2621,-2.1372,-99999,-99999
7/17/2004,4,-1.9831,0.7661,-1.6518,-99999,-99999
7/17/2004,5,1.4884,12.1486,2.0759,-99999,-99999
7/17/2004,6,74.7560,295.0687,55.3750,-99999,-99999
7/17/2004,7,362.4300,645.2478,194.3241,-99999,-99999
7/17/2004,8,458.3762,791.0040,106.5175,-99999,-99999
7/17/2004,9,569.4512,690.6726,127.6369,-99999,-99999
7/17/2004,10,699.2435,665.9771,172.2026,-99999,-99999
7/17/2004,11,803.1112,632.8201,234.7240,-99999,-99999
7/17/2004,12,759.8050,485.1312,291.8795,-99999,-99999
7/17/2004,13,609.5570,278.2799,339.6402,-99999,-99999
7/17/2004,14,175.6247,1.0117,175.6247,-99999,-99999
7/17/2004,15,174.0193,-0.0131,174.0193,-99999,-99999
7/17/2004,16,146.2092,0.0480,146.2092,-99999,-99999
7/17/2004,17,105.0800,-1.9364,105.0800,-99999,-99999
7/17/2004,18,100.7144,3.5142,100.6122,-99999,-99999
7/17/2004,19,40.3740,0.0679,40.3740,-99999,-99999
7/17/2004,20,3.5794,-0.1938,4.0993,-99999,-99999
7/17/2004,21,-4.5988,-0.2238,-3.4314,-99999,-99999
7/17/2004,22,-3.8110,0.1918,-2.9941,-99999,-99999
7/17/2004,23,-3.1742,0.2628,-2.4500,-99999,-99999
7/18/2004,0,-3.4089,0.2043,-2.6690,-99999,-99999
7/18/2004,1,-3.0629,0.3490,-2.3285,-99999,-99999
7/18/2004,2,-3.2076,0.3315,-2.4679,-99999,-99999
7/18/2004,3,-2.7964,0.3312,-2.1604,-99999,-99999
7/18/2004,4,-3.2438,0.1397,-2.3055,-99999,-99999
7/18/2004,5,-0.9670,18.1963,1.2419,-99999,-99999
7/18/2004,6,75.2657,457.0820,48.5575,-99999,-99999
7/18/2004,7,254.1072,737.3950,64.8386,-99999,-99999
7/18/2004,8,454.4700,857.3405,61.2508,-99999,-99999
7/18/2004,9,648.0975,916.8782,61.6406,-99999,-99999
7/18/2004,10,819.7500,950.5860,66.7683,-99999,-99999
7/18/2004,11,945.3338,966.8317,77.1431,-99999,-99999
7/18/2004,12,1011.2533,968.3587,80.0719,-99999,-99999
7/18/2004,13,1007.9372,959.2008,84.3020,-99999,-99999
7/18/2004,14,1004.4182,933.7673,164.0900,-99999,-99999
7/18/2004,15,714.6122,416.2503,370.4539,-99999,-99999
7/18/2004,16,95.2849,-3.7148,95.2849,-99999,-99999
7/18/2004,17,131.1818,5.8339,126.6607,-99999,-99999
7/18/2004,18,100.4078,-0.5637,100.4078,-99999,-99999
7/18/2004,19,51.8323,6.1240,51.8323,-99999,-99999
7/18/2004,20,0.5594,-0.0531,1.3086,-99999,-99999
7/18/2004,21,-3.3454,-0.0133,-2.4833,-99999,-99999
7/18/2004,22,-2.8932,0.0557,-2.0903,-99999,-99999
7/18/2004,23,-3.0743,0.3948,-2.3500,-99999,-99999
7/19/2004,0,-4.2995,0.3299,-3.2788,-99999,-99999
7/19/2004,1,-3.1045,-0.0337,-2.4460,-99999,-99999
7/19/2004,2,-2.7249,0.4831,-1.9658,-99999,-99999
7/19/2004,3,-2.7294,0.1932,-1.9952,-99999,-99999
7/19/2004,4,-3.1616,0.2742,-2.2723,-99999,-99999
7/19/2004,5,-2.2243,3.2835,-0.8631,-99999,-99999
7/19/2004,6,66.6541,373.5241,42.5909,-99999,-99999
7/19/2004,7,246.8970,707.1377,66.6344,-99999,-99999
7/19/2004,8,444.8397,824.8238,66.2931,-99999,-99999
7/19/2004,9,638.7860,888.1187,72.1524,-99999,-99999
7/19/2004,10,851.0753,927.5650,127.9922,-99999,-99999
7/19/2004,11,356.8725,160.0079,216.8792,-99999,-99999
7/19/2004,12,552.4245,68.9864,486.9316,-99999,-99999
7/19/2004,13,494.0060,87.2813,409.7731,-99999,-99999
7/19/2004,14,885.5308,587.9515,354.3946,-99999,-99999
7/19/2004,15,455.4995,250.4998,242.2530,-99999,-99999
7/19/2004,16,122.6587,9.5548,115.0722,-99999,-99999
7/19/2004,17,203.5407,82.0402,157.4268,-99999,-99999
7/19/2004,18,21.5855,-5.0593,21.7777,-99999,-99999
7/19/2004,19,21.8696,14.0194,20.9391,-99999,-99999
7/19/2004,20,2.1915,1.4903,2.4189,-99999,-99999
7/19/2004,21,-2.4548,0.6549,-1.9194,-99999,-99999
7/19/2004,22,-2.9500,0.5206,-2.2775,-99999,-99999
7/19/2004,23,-2.4849,1.2284,-1.9189,-99999,-99999
7/20/2004,0,-2.0890,0.6542,-1.6355,-99999,-99999
7/20/2004,1,-2.1867,0.8172,-1.6953,-99999,-99999
7/20/2004,2,-2.6858,0.2917,-2.0466,-99999,-99999
7/20/2004,3,-3.2040,0.1496,-2.3989,-99999,-99999
7/20/2004,4,-3.4345,0.2173,-2.4934,-99999,-99999
7/20/2004,5,-1.3287,1.4097,-0.5055,-99999,-99999
7/20/2004,6,69.1129,372.0844,46.8865,-99999,-99999
7/20/2004,7,222.8377,599.2546,73.5753,-99999,-99999
7/20/2004,8,454.3782,817.0673,82.7404,-99999,-99999
7/20/2004,9,646.0423,869.0873,96.0280,-99999,-99999
7/20/2004,10,792.8548,862.8580,111.4700,-99999,-99999
7/20/2004,11,780.1475,687.8648,175.5445,-99999,-99999
7/20/2004,12,94.0548,-15.7183,94.1923,-99999,-99999
7/20/2004,13,348.8770,50.5066,304.2912,-99999,-99999
7/20/2004,14,158.1622,19.4202,138.8028,-99999,-99999
7/20/2004,15,465.5175,145.8297,338.0825,-99999,-99999
7/20/2004,16,237.2137,2.3386,234.4747,-99999,-99999
7/20/2004,17,57.7723,-0.7373,57.7723,-99999,-99999
7/20/2004,18,10.3265,-2.2849,10.5975,-99999,-99999
7/20/2004,19,110.7995,361.2478,88.0900,-99999,-99999
7/20/2004,20,10.9629,-0.3314,11.5821,-99999,-99999
7/20/2004,21,-2.8207,0.5346,-1.9554,-99999,-99999
7/20/2004,22,-2.9985,0.5843,-2.1361,-99999,-99999
7/20/2004,23,-2.5122,0.3083,-1.8335,-99999,-99999
7/21/2004,0,-2.8917,0.1095,-2.1663,-99999,-99999
7/21/2004,1,-4.2597,-0.7994,-2.9556,-99999,-99999
7/21/2004,2,-4.1281,0.0883,-2.9516,-99999,-99999
7/21/2004,3,-3.3482,0.4121,-2.5162,-99999,-99999
7/21/2004,4,-2.5182,0.7570,-1.8513,-99999,-99999
7/21/2004,5,-2.5118,-0.3470,-1.5516,-99999,-99999
7/21/2004,6,66.8255,385.7554,42.4847,-99999,-99999
7/21/2004,7,250.4815,740.4925,63.6295,-99999,-99999
7/21/2004,8,455.3772,875.3720,57.6487,-99999,-99999
7/21/2004,9,648.6557,924.8913,58.6190,-99999,-99999
7/21/2004,10,824.7133,957.9795,68.2326,-99999,-99999
7/21/2004,11,940.6485,863.3184,160.4705,-99999,-99999
7/21/2004,12,826.3233,584.8470,259.2563,-99999,-99999
7/21/2004,13,500.3012,82.1573,415.6986,-99999,-99999
7/21/2004,14,858.9832,527.4724,390.1209,-99999,-99999
7/21/2004,15,461.3063,211.9240,277.7224,-99999,-99999
7/21/2004,16,175.4748,6.2215,171.2417,-99999,-99999
7/21/2004,17,170.7889,59.1787,138.1584,-99999,-99999
7/21/2004,18,11.2864,-8.5219,11.0323,-99999,-99999
7/21/2004,19,77.6434,244.7056,63.5915,-99999,-99999
7/21/2004,20,3.7687,7.2524,4.5529,-99999,-99999
7/21/2004,21,-3.3828,-0.1274,-2.4078,-99999,-99999
7/21/2004,22,-3.1360,0.8578,-2.3899,-99999,-99999
7/21/2004,23,-3.8780,0.5976,-3.0858,-99999,-99999
7/22/2004,0,-4.3993,-1.1187,-3.4219,-99999,-99999
7/22/2004,1,-5.5284,-0.2522,-4.1513,-99999,-99999
7/22/2004,2,-4.5119,-0.8602,-3.4027,-99999,-99999
7/22/2004,3,-3.3080,0.8055,-2.3239,-99999,-99999
7/22/2004,4,-4.5489,0.5745,-3.5214,-99999,-99999
7/22/2004,5,-1.8198,0.4518,-1.3306,-99999,-99999
7/22/2004,6,62.1498,348.4805,41.0522,-99999,-99999
7/22/2004,7,242.7450,694.4352,68.2025,-99999,-99999
7/22/2004,8,445.1457,807.8877,75.7159,-99999,-99999
7/22/2004,9,625.6780,830.8585,95.0329,-99999,-99999
7/22/2004,10,728.9182,660.4322,199.9870,-99999,-99999
7/22/2004,11,919.5548,594.0539,393.9984,-99999,-99999
7/22/2004,12,571.9310,189.0008,390.2580,-99999,-99999
7/22/2004,13,298.4640,53.2642,240.2580,-99999,-99999
7/22/2004,14,207.4551,4.0177,204.4561,-99999,-99999
7/22/2004,15,419.0030,76.2600,349.9492,-99999,-99999
7/22/2004,16,187.4922,5.4220,188.9249,-99999,-99999
7/22/2004,17,131.8421,1.8384,131.8126,-99999,-99999
7/22/2004,18,48.9220,-0.0471,48.9220,-99999,-99999
7/22/2004,19,16.6059,-1.0867,16.8075,-99999,-99999
7/22/2004,20,0.3148,0.7706,0.3219,-99999,-99999
7/22/2004,21,-0.0101,0.3630,-0.0032,-99999,-99999
7/22/2004,22,-0.2163,0.2600,-0.1033,-99999,-99999
7/22/2004,23,-0.1689,0.7064,-0.1090,-99999,-99999
7/23/2004,0,-0.2002,0.8294,-0.1185,-99999,-99999
7/23/2004,1,-0.2137,0.7386,-0.1057,-99999,-99999
7/23/2004,2,-0.4132,1.3004,-0.3193,-99999,-99999
7/23/2004,3,-1.1061,1.8620,-0.7332,-99999,-99999
7/23/2004,4,-0.1172,1.4236,-0.0340,-99999,-99999
7/23/2004,5,0.0631,1.2407,0.1265,-99999,-99999
7/23/2004,6,8.2728,1.2320,8.2728,-99999,-99999
7/23/2004,7,33.9785,2.1692,33.9766,-99999,-99999
7/23/2004,8,134.5169,2.9020,134.4971,-99999,-99999
7/23/2004,9,164.7699,3.4654,164.7523,-99999,-99999
7/23/2004,10,191.7033,5.2641,191.7033,-99999,-99999
7/23/2004,11,237.2398,-0.0144,236.6347,-99999,-99999
7/23/2004,12,455.8482,70.4033,373.3340,-99999,-99999
7/23/2004,13,224.3267,9.4682,212.6269,-99999,-99999
7/23/2004,14,189.8314,0.8631,189.7849,-99999,-99999
7/23/2004,15,150.3424,1.1577,150.3424,-99999,-99999
7/23/2004,16,62.3725,1.1270,62.3725,-99999,-99999
7/23/2004,17,59.2261,-1.3051,59.2194,-99999,-99999
7/23/2004,18,35.3590,1.2382,35.3590,-99999,-99999
7/23/2004,19,16.8093,0.2597,16.8093,-99999,-99999
7/23/2004,20,1.3668,0.3674,1.5239,-99999,-99999
7/23/2004,21,-0.0170,1.4744,-0.2953,-99999,-99999
7/23/2004,22,-0.0727,1.5472,-0.1108,-99999,-99999
7/23/2004,23,-0.2062,0.8151,-0.1102,-99999,-99999
7/24/2004,0,-0.1245,0.1237,-0.0124,-99999,-99999
7/24/2004,1,-0.1708,0.5632,0.0144,-99999,-99999
7/24/2004,2,-0.1718,0.8358,0.0445,-99999,-99999
7/24/2004,3,-0.0744,0.9286,0.0634,-99999,-99999
7/24/2004,4,-0.0608,0.8768,0.1329,-99999,-99999
7/24/2004,5,0.1673,1.3370,0.2991,-99999,-99999
7/24/2004,6,8.5752,0.6193,8.5752,-99999,-99999
7/24/2004,7,48.2372,1.5618,48.2372,-99999,-99999
7/24/2004,8,125.7135,2.3822,125.7030,-99999,-99999
7/24/2004,9,252.0147,6.4407,251.5973,-99999,-99999
7/24/2004,10,355.1928,7.5896,353.6742,-99999,-99999
7/24/2004,11,251.7067,1.1181,251.7067,-99999,-99999
7/24/2004,12,188.3300,0.2025,188.3300,-99999,-99999
7/24/2004,13,103.9985,0.7574,103.9985,-99999,-99999
7/24/2004,14,84.0372,1.3499,84.0372,-99999,-99999
7/24/2004,15,113.8802,3.7019,113.8802,-99999,-99999
7/24/2004,16,43.6162,-0.4562,43.6162,-99999,-99999
7/24/2004,17,197.1085,5.3393,196.6684,-99999,-99999
7/24/2004,18,59.6410,-1.0930,59.6410,-99999,-99999
7/24/2004,19,44.1127,0.0814,44.1127,-99999,-99999
7/24/2004,20,1.4459,0.4942,1.6701,-99999,-99999
7/24/2004,21,-0.9449,1.1976,-0.5960,-99999,-99999
7/24/2004,22,-0.5478,0.7876,-0.2692,-99999,-99999
7/24/2004,23,-0.5979,-0.4124,-0.4544,-99999,-99999
7/25/2004,0,-0.8794,0.7212,-0.7671,-99999,-99999
7/25/2004,1,-0.9845,1.9800,-0.8899,-99999,-99999
7/25/2004,2,-1.0734,1.8469,-0.9485,-99999,-99999
7/25/2004,3,-1.2349,1.5492,-1.0032,-99999,-99999
7/25/2004,4,-0.9602,1.0113,-0.7074,-99999,-99999
7/25/2004,5,-0.3782,1.1319,-0.0939,-99999,-99999
7/25/2004,6,60.8755,84.0181,56.0744,-99999,-99999
7/25/2004,7,206.4060,285.0454,141.3716,-99999,-99999
7/25/2004,8,157.4744,77.4059,119.3994,-99999,-99999
7/25/2004,9,428.2280,190.8401,327.9717,-99999,-99999
7/25/2004,10,560.9588,274.9198,340.9414,-99999,-99999
7/25/2004,11,788.5457,522.2050,310.3182,-99999,-99999
7/25/2004,12,1014.2602,827.5973,230.8659,-99999,-99999
7/25/2004,13,1030.1883,856.3755,215.3383,-99999,-99999
7/25/2004,14,907.2410,761.4070,209.6130,-99999,-99999
7/25/2004,15,759.5912,701.0567,191.6780,-99999,-99999
7/25/2004,16,661.7815,813.7553,130.6117,-99999,-99999
7/25/2004,17,457.3160,736.2083,109.8398,-99999,-99999
7/25/2004,18,249.1273,594.9993,87.6820,-99999,-99999
7/25/2004,19,71.7652,310.3560,49.1288,-99999,-99999
7/25/2004,20,-3.5349,-1.2162,-1.5164,-99999,-99999
7/25/2004,21,-5.9094,0.0846,-4.3783,-99999,-99999
7/25/2004,22,-4.2050,0.1841,-3.1286,-99999,-99999
7/25/2004,23,-3.5537,0.5626,-2.7106,-99999,-99999
7/26/2004,0,-4.0109,0.4769,-3.2546,-99999,-99999
7/26/2004,1,-3.6589,0.5934,-2.8776,-99999,-99999
7/26/2004,2,-3.6051,0.7116,-2.8745,-99999,-99999
7/26/2004,3,-3.7721,0.2620,-2.8209,-99999,-99999
7/26/2004,4,-3.7656,0.1842,-2.5106,-99999,-99999
7/26/2004,5,-2.8264,1.6383,-1.8799,-99999,-99999
7/26/2004,6,60.9999,369.9935,44.4197,-99999,-99999
7/26/2004,7,244.9442,672.5272,88.7758,-99999,-99999
7/26/2004,8,399.7935,588.3858,132.9977,-99999,-99999
7/26/2004,9,678.3248,754.0242,195.5947,-99999,-99999
7/26/2004,10,563.3807,193.2251,396.6771,-99999,-99999
7/26/2004,11,918.9423,682.3091,299.7927,-99999,-99999
7/26/2004,12,931.0248,725.0747,230.7322,-99999,-99999
7/26/2004,13,799.5028,579.6393,242.8387,-99999,-99999
7/26/2004,14,250.9659,82.3419,167.9610,-99999,-99999
7/26/2004,15,22.5444,-2.3857,22.5744,-99999,-99999
7/26/2004,16,99.5584,30.0635,74.4263,-99999,-99999
7/26/2004,17,410.3623,376.8963,236.3424,-99999,-99999
7/26/2004,18,251.8597,435.2551,117.7140,-99999,-99999
7/26/2004,19,29.3300,0.7195,29.3313,-99999,-99999
7/26/2004,20,-1.2891,-0.4050,-0.3827,-99999,-99999
7/26/2004,21,-3.3583,0.1849,-2.2620,-99999,-99999
7/26/2004,22,-4.0401,-0.0750,-2.9438,-99999,-99999
7/26/2004,23,-4.1565,0.5080,-3.2925,-99999,-99999
7/27/2004,0,-3.8630,0.8935,-3.0028,-99999,-99999
7/27/2004,1,-3.7621,0.4181,-3.0068,-99999,-99999
7/27/2004,2,-3.9408,0.5046,-3.0874,-99999,-99999
7/27/2004,3,-3.0441,0.8527,-2.6025,-99999,-99999
7/27/2004,4,-5.4329,-0.4580,-4.1173,-99999,-99999
7/27/2004,5,-3.0053,0.4331,-2.0792,-99999,-99999
7/27/2004,6,63.2436,348.8274,47.8070,-99999,-99999
7/27/2004,7,248.8525,688.9163,87.8151,-99999,-99999
7/27/2004,8,254.5105,158.7805,196.2556,-99999,-99999
7/27/2004,9,241.0158,11.8637,233.1848,-99999,-99999
7/27/2004,10,636.8140,431.0004,306.1715,-99999,-99999
7/27/2004,11,577.0540,183.6064,422.8579,-99999,-99999
7/27/2004,12,359.6383,4.2345,356.8807,-99999,-99999
7/27/2004,13,499.9177,98.8261,401.6412,-99999,-99999
7/27/2004,14,350.2790,14.9200,339.9957,-99999,-99999
7/27/2004,15,648.8682,465.4868,277.5597,-99999,-99999
7/27/2004,16,232.2736,121.2520,144.2826,-99999,-99999
7/27/2004,17,151.4208,29.4561,132.6153,-99999,-99999
7/27/2004,18,111.0990,17.2156,108.4039,-99999,-99999
7/27/2004,19,50.8694,39.1691,49.7284,-99999,-99999
7/27/2004,20,-0.3050,0.5313,0.0951,-99999,-99999
7/27/2004,21,-2.6749,-0.4216,-1.8344,-99999,-99999
7/27/2004,22,-2.5217,0.1992,-1.8440,-99999,-99999
7/27/2004,23,-3.4429,-0.1750,-2.5458,-99999,-99999
7/28/2004,0,-4.6724,-0.1783,-3.5072,-99999,-99999
7/28/2004,1,-2.8577,0.4611,-2.2574,-99999,-99999
7/28/2004,2,-3.0523,0.2697,-2.4754,-99999,-99999
7/28/2004,3,-1.9523,0.8339,-1.6258,-99999,-99999
7/28/2004,4,-3.1693,0.2526,-2.4024,-99999,-99999
7/28/2004,5,-3.1106,0.0375,-2.3575,-99999,-99999
7/28/2004,6,28.1986,1.2037,28.2544,-99999,-99999
7/28/2004,7,177.3622,254.6601,107.1524,-99999,-99999
7/28/2004,8,197.5075,84.0699,167.7292,-99999,-99999
7/28/2004,9,577.8512,665.8853,147.7011,-99999,-99999
7/28/2004,10,810.4248,904.6347,110.7313,-99999,-99999
7/28/2004,11,918.6847,846.9755,178.7299,-99999,-99999
7/28/2004,12,891.1195,659.9151,251.1828,-99999,-99999
7/28/2004,13,868.8628,589.0113,301.5302,-99999,-99999
7/28/2004,14,471.1420,175.6425,305.6633,-99999,-99999
7/28/2004,15,177.9406,5.4500,173.9881,-99999,-99999
7/28/2004,16,49.2535,-6.9054,49.2074,-99999,-99999
7/28/2004,17,201.3740,110.1931,155.2242,-99999,-99999
7/28/2004,18,313.2162,419.4140,203.3807,-99999,-99999
7/28/2004,19,71.2969,38.0566,68.4363,-99999,-99999
7/28/2004,20,-0.1584,-0.7646,0.6371,-99999,-99999
7/28/2004,21,-2.7174,0.8081,-2.0237,-99999,-99999
7/28/2004,22,-3.8367,0.3294,-3.0115,-99999,-99999
7/28/2004,23,-3.9474,0.9356,-3.0486,-99999,-99999
7/29/2004,0,-4.2873,0.4434,-3.3770,-99999,-99999
7/29/2004,1,-4.3037,-0.2773,-3.3094,-99999,-99999
7/29/2004,2,-3.7780,0.3059,-2.6983,-99999,-99999
7/29/2004,3,-3.0861,0.4262,-2.2587,-99999,-99999
7/29/2004,4,-3.2837,0.0273,-2.1708,-99999,-99999
7/29/2004,5,-2.4130,0.2919,-1.4711,-99999,-99999
7/29/2004,6,49.3602,247.4316,37.5056,-99999,-99999
7/29/2004,7,223.2205,648.8583,72.6023,-99999,-99999
7/29/2004,8,425.8618,796.7462,79.1026,-99999,-99999
7/29/2004,9,625.6858,872.0200,88.1269,-99999,-99999
7/29/2004,10,815.5350,909.7570,117.0419,-99999,-99999
7/29/2004,11,934.3088,942.8137,104.8531,-99999,-99999
7/29/2004,12,1005.1798,944.3478,117.7984,-99999,-99999
7/29/2004,13,993.1648,918.1310,124.5133,-99999,-99999
7/29/2004,14,932.4070,886.0618,135.7735,-99999,-99999
7/29/2004,15,757.8967,791.7320,124.2942,-99999,-99999
7/29/2004,16,621.0827,789.0055,108.8344,-99999,-99999
7/29/2004,17,323.1007,391.0869,127.1574,-99999,-99999
7/29/2004,18,133.1972,105.4958,106.7299,-99999,-99999
7/29/2004,19,78.5732,214.2908,64.8968,-99999,-99999
7/29/2004,20,-1.1412,-0.3217,-0.1025,-99999,-99999
7/29/2004,21,-5.7544,-0.1548,-4.4254,-99999,-99999
7/29/2004,22,-4.1318,-0.3277,-3.1026,-99999,-99999
7/29/2004,23,-2.7948,1.4136,-2.0918,-99999,-99999
7/30/2004,0,-2.4995,0.8374,-2.0414,-99999,-99999
7/30/2004,1,-3.8213,-3.1448,-2.4330,-99999,-99999
7/30/2004,2,-3.9219,-0.5437,-2.7359,-99999,-99999
7/30/2004,3,-4.5629,-0.0200,-3.3663,-99999,-99999
7/30/2004,4,-3.6313,0.3989,-2.7829,-99999,-99999
7/30/2004,5,-2.8635,0.3064,-2.2625,-99999,-99999
7/30/2004,6,55.5196,239.1387,45.2090,-99999,-99999
7/30/2004,7,215.1923,591.6730,81.3134,-99999,-99999
7/30/2004,8,417.5328,761.3728,88.6939,-99999,-99999
7/30/2004,9,621.9658,854.1692,96.1006,-99999,-99999
7/30/2004,10,797.0890,902.6760,103.2066,-99999,-99999
7/30/2004,11,908.2225,875.5645,142.8598,-99999,-99999
7/30/2004,12,825.9325,624.7549,236.8373,-99999,-99999
7/30/2004,13,672.3240,455.4863,233.9043,-99999,-99999
7/30/2004,14,844.0040,602.0393,271.2883,-99999,-99999
7/30/2004,15,439.1688,277.0236,221.6246,-99999,-99999
7/30/2004,16,251.2716,47.7476,221.3422,-99999,-99999
7/30/2004,17,139.3084,0.1967,139.2801,-99999,-99999
7/30/2004,18,61.1539,0.2253,61.1539,-99999,-99999
7/30/2004,19,47.0092,126.2663,41.2688,-99999,-99999
7/30/2004,20,-2.6458,-0.9496,-1.4607,-99999,-99999
7/30/2004,21,-3.8284,1.1605,-2.9223,-99999,-99999
7/30/2004,22,-2.9488,0.5233,-2.2934,-99999,-99999
7/30/2004,23,-3.0547,0.1645,-2.2293,-99999,-99999
7/31/2004,0,-3.0493,0.3785,-2.2802,-99999,-99999
7/31/2004,1,-3.7329,-0.2529,-2.6076,-99999,-99999
7/31/2004,2,-3.8611,-0.4729,-2.6639,-99999,-99999
7/31/2004,3,-4.3182,-0.4825,-2.8626,-99999,-99999
7/31/2004,4,-3.6899,0.7358,-2.5066,-99999,-99999
7/31/2004,5,-3.1885,0.0306,-2.2435,-99999,-99999
7/31/2004,6,49.9332,258.1979,40.2993,-99999,-99999
7/31/2004,7,218.1862,595.2138,83.0778,-99999,-99999
7/31/2004,8,420.6638,741.0873,100.4363,-99999,-99999
7/31/2004,9,619.8268,829.5860,112.5618,-99999,-99999
7/31/2004,10,786.3538,867.5960,119.7631,-99999,-99999
7/31/2004,11,567.0600,381.7329,241.1765,-99999,-99999
7/31/2004,12,216.6102,12.4671,204.5722,-99999,-99999
7/31/2004,13,400.0075,91.5785,312.6300,-99999,-99999
7/31/2004,14,551.2952,232.7464,341.7432,-99999,-99999
7/31/2004,15,238.4595,3.2872,235.1359,-99999,-99999
7/31/2004,16,420.9252,200.4352,292.0854,-99999,-99999
7/31/2004,17,413.8863,573.6122,153.5870,-99999,-99999
7/31/2004,18,236.4840,597.4745,81.9963,-99999,-99999
7/31/2004,19,52.6664,244.5483,37.5690,-99999,-99999
7/31/2004,20,-6.2542,-1.5787,-3.7496,-99999,-99999
7/31/2004,21,-5.2455,0.6130,-4.1907,-99999,-99999
7/31/2004,22,-5.1636,0.1970,-4.1122,-99999,-99999
7/31/2004,23,-6.6366,0.3319,-5.1232,-99999,-99999
8/1/2004,0,-5.0419,0.6330,-3.9692,-1.0000,-1.0000
8/1/2004,1,-4.2034,0.3490,-3.2617,-1.0000,-1.0000
8/1/2004,2,-4.0458,1.8980,-3.1665,-1.0000,-1.0000
8/1/2004,3,-5.0190,0.0333,-3.6926,-1.0000,-1.0000
8/1/2004,4,-4.6474,0.6452,-3.5212,-1.0000,-1.0000
8/1/2004,5,-4.3534,-0.1459,-3.0772,-1.0000,-1.0000
8/1/2004,6,47.3794,280.0169,35.8289,3.3000,3.3000
8/1/2004,7,220.7077,652.6402,72.3474,5.8500,5.0000
8/1/2004,8,441.4895,804.1547,94.6620,10.6667,5.4333
8/1/2004,9,554.1763,672.8177,125.3048,18.3500,9.5167
8/1/2004,10,810.2150,923.6855,103.5582,9.4500,4.8167
8/1/2004,11,974.5307,933.7437,157.6953,18.4500,10.6167
8/1/2004,12,1053.1777,882.9420,227.7396,29.9167,18.3500
8/1/2004,13,945.9887,722.6020,253.3711,30.7833,20.0833
8/1/2004,14,391.6600,153.1114,240.6371,68.2333,53.4833
8/1/2004,15,86.5861,-2.0685,86.5861,97.0667,73.7167
8/1/2004,16,154.1390,1.1575,154.1390,98.4333,88.6167
8/1/2004,17,67.5081,-1.9049,67.5081,98.5000,93.0333
8/1/2004,18,76.0518,7.3711,74.9287,97.2000,87.4667
8/1/2004,19,19.4791,15.2744,19.4791,71.6833,55.3833
8/1/2004,20,-1.8928,-0.2807,-1.1436,-1.0000,-1.0000
8/1/2004,21,-4.1130,-0.6173,-3.0898,-1.0000,-1.0000
8/1/2004,22,-3.9392,0.3544,-2.8431,-1.0000,-1.0000
8/1/2004,23,-2.4701,0.3823,-1.9319,-1.0000,-1.0000
8/2/2004,0,-2.5576,0.3168,-1.8983,-1.0000,-1.0000
8/2/2004,1,-3.2625,0.0271,-2.4534,-1.0000,-1.0000
8/2/2004,2,-4.4068,-0.0779,-3.3362,-1.0000,-1.0000
8/2/2004,3,-3.8749,0.4114,-2.9462,-1.0000,-1.0000
8/2/2004,4,-3.6039,0.1461,-2.8409,-1.0000,-1.0000
8/2/2004,5,-3.7990,0.2027,-2.8537,-1.0000,-1.0000
8/2/2004,6,37.7071,93.5616,33.9963,23.1333,12.4000
8/2/2004,7,113.2837,20.1825,111.3545,81.3333,62.0333
8/2/2004,8,219.8772,23.8262,212.8166,94.9500,84.2167
8/2/2004,9,445.6038,243.3816,285.8221,68.2667,36.5667
8/2/2004,10,746.2775,643.9695,244.9871,34.6500,14.6833
8/2/2004,11,733.5647,453.1824,315.9380,48.3167,28.6333
8/2/2004,12,466.1588,60.3812,414.0331,94.0167,77.1833
8/2/2004,13,566.9333,92.5989,477.7738,87.6333,61.5167
8/2/2004,14,490.0898,126.7928,368.5730,75.6833,49.1500
8/2/2004,15,436.9542,83.9667,371.1062,91.3167,66.1167
8/2/2004,16,305.1922,24.8881,294.1136,98.5833,85.6333
8/2/2004,17,34.4928,-2.1227,32.8744,97.5833,84.4333
8/2/2004,18,24.2492,1.2888,24.2594,97.7500,90.2667
8/2/2004,19,9.9783,0.4985,10.0971,72.0000,53.6500
8/2/2004,20,-2.9135,0.3426,-2.1723,-1.0000,-1.0000
8/2/2004,21,-3.4716,-0.3684,-2.3772,-1.0000,-1.0000
8/2/2004,22,-1.8954,0.3468,-1.3515,-1.0000,-1.0000
8/2/2004,23,-2.1280,0.1598,-1.5584,-1.0000,-1.0000
8/3/2004,0,-2.8454,0.2971,-2.1387,-1.0000,-1.0000
8/3/2004,1,-1.4141,0.7500,-1.1340,-1.0000,-1.0000
8/3/2004,2,-6.6576,-1.5904,-5.3509,-1.0000,-1.0000
8/3/2004,3,-1.3977,0.5948,-1.0886,-1.0000,-1.0000
8/3/2004,4,-1.9763,0.3361,-1.7921,-1.0000,-1.0000
8/3/2004,5,-1.9568,0.5770,-1.4214,-1.0000,-1.0000
8/3/2004,6,25.8661,18.1724,25.3133,26.8667,17.5833
8/3/2004,7,110.8618,77.1685,86.8055,59.9333,41.4833
8/3/2004,8,402.7363,675.7398,100.0796,9.9833,7.6833
8/3/2004,9,605.4467,844.9157,85.4390,4.3667,2.9167
8/3/2004,10,719.0553,705.0081,149.1500,12.7500,9.7333
8/3/2004,11,725.3873,669.3021,135.8581,12.8667,8.6833
8/3/2004,12,617.7048,417.3284,223.0201,36.8500,26.4167
8/3/2004,13,482.5733,204.2607,282.2670,71.5333,51.7833
8/3/2004,14,451.1505,225.8355,256.0498,67.8500,52.2333
8/3/2004,15,395.6770,185.7328,259.2364,75.8000,62.6667
8/3/2004,16,283.7491,95.7997,211.6246,78.1000,65.0500
8/3/2004,17,281.4522,220.1676,165.2877,49.0000,36.0333
8/3/2004,18,279.7207,656.7295,118.8585,21.0167,11.8833
8/3/2004,19,76.8880,404.5405,49.4218,6.4500,4.6833
8/3/2004,20,-4.5735,-1.2082,-2.7985,-1.0000,-1.0000
8/3/2004,21,-5.6724,-0.3228,-4.1334,-1.0000,-1.0000
8/3/2004,22,-4.3755,-0.3002,-3.3617,-1.0000,-1.0000
8/3/2004,23,-3.9419,-0.0297,-2.9859,-1.0000,-1.0000
8/4/2004,0,-3.5834,0.0826,-2.7583,-1.0000,-1.0000
8/4/2004,1,-4.7597,-0.6609,-3.3753,-1.0000,-1.0000
8/4/2004,2,-4.4810,0.3759,-3.2950,-1.0000,-1.0000
8/4/2004,3,-4.3739,-0.1077,-2.9420,-1.0000,-1.0000
8/4/2004,4,-3.4091,0.5139,-2.5776,-1.0000,-1.0000
8/4/2004,5,-2.7824,0.4924,-2.0338,-1.0000,-1.0000
8/4/2004,6,40.2847,255.0458,31.4440,0.3167,0.3167
8/4/2004,7,183.9496,438.9649,75.4206,12.7500,9.7333
8/4/2004,8,414.2998,792.5998,77.3353,4.0000,3.1500
8/4/2004,9,615.8672,899.5510,69.3993,0.5000,0.4833
8/4/2004,10,789.3648,936.2708,75.5804,0.0000,0.0000
8/4/2004,11,921.7457,963.4038,80.2219,0.0167,0.0167
8/4/2004,12,988.6980,961.6375,93.5953,2.4167,1.4000
8/4/2004,13,967.1333,892.9094,129.6821,7.3833,4.2000
8/4/2004,14,889.8597,787.6018,185.1330,18.4000,11.7167
8/4/2004,15,598.8620,433.9064,243.5111,51.8000,39.2667
8/4/2004,16,459.7582,511.1766,139.0087,24.1167,15.8167
8/4/2004,17,179.7540,95.7515,144.2738,55.9333,40.5333
8/4/2004,18,206.0182,504.8920,77.2022,11.2333,6.5333
8/4/2004,19,44.4173,129.3551,42.3090,22.8333,13.4667
8/4/2004,20,-1.4734,-1.9876,-0.5138,-1.0000,-1.0000
8/4/2004,21,-5.6399,-0.0650,-4.3335,-1.0000,-1.0000
8/4/2004,22,-5.3523,-0.6414,-4.3264,-1.0000,-1.0000
8/4/2004,23,-4.5707,-0.3119,-3.3757,-1.0000,-1.0000
8/5/2004,0,-2.0129,0.8956,-1.4595,-1.0000,-1.0000
8/5/2004,1,-1.8684,1.2846,-1.4346,-1.0000,-1.0000
8/5/2004,2,-1.9377,0.9753,-1.5174,-1.0000,-1.0000
8/5/2004,3,-2.3304,0.9187,-1.8263,-1.0000,-1.0000
8/5/2004,4,-1.6182,3.0745,-1.4561,-1.0000,-1.0000
8/5/2004,5,-2.2129,1.3238,-1.7903,-1.0000,-1.0000
8/5/2004,6,17.8559,3.9689,18.1731,22.3000,10.3000
8/5/2004,7,105.5277,10.2507,103.3442,93.6000,67.9833
8/5/2004,8,218.0737,32.3186,202.4454,87.3000,60.5000
8/5/2004,9,317.1370,41.8363,299.8801,99.3667,85.2500
8/5/2004,10,496.4923,144.6259,376.3592,92.7000,58.2500
8/5/2004,11,707.7113,253.1093,485.1611,95.3000,58.4000
8/5/2004,12,733.6792,291.8249,463.8487,83.1000,46.5167
8/5/2004,13,556.8800,199.2242,362.6737,82.2167,54.2667
8/5/2004,14,78.6286,-5.4837,78.6286,96.9833,70.7333
8/5/2004,15,225.5062,32.2818,204.2981,96.0500,83.3667
8/5/2004,16,643.1770,554.1232,281.0052,71.4167,51.8833
8/5/2004,17,169.4073,-3.0926,168.9008,96.0167,85.2167
8/5/2004,18,132.3935,1.1633,132.3935,93.4167,87.2667
8/5/2004,19,22.5831,0.4769,22.5973,45.4333,28.3000
8/5/2004,20,-1.6057,0.5821,-1.1600,-1.0000,-1.0000
8/5/2004,21,-1.5839,1.1798,-1.1792,-1.0000,-1.0000
8/5/2004,22,-3.7441,0.1454,-2.8670,-1.0000,-1.0000
8/5/2004,23,-3.1170,0.6350,-2.4332,-1.0000,-1.0000
8/6/2004,0,-2.6912,0.4873,-2.0547,-1.0000,-1.0000
8/6/2004,1,-3.8147,0.0126,-2.8725,-1.0000,-1.0000
8/6/2004,2,-3.9589,0.5328,-3.1230,-1.0000,-1.0000
8/6/2004,3,-2.5923,0.7739,-2.1376,-1.0000,-1.0000
8/6/2004,4,-3.5214,-0.3819,-2.5596,-1.0000,-1.0000
8/6/2004,5,-3.6838,0.1832,-2.5788,-1.0000,-1.0000
8/6/2004,6,43.7960,312.0966,33.0378,0.1833,0.0833
8/6/2004,7,214.2873,698.5510,63.5287,1.1167,0.8000
8/6/2004,8,428.8113,846.5157,73.3321,1.9333,0.5333
8/6/2004,9,611.6127,912.4880,61.1871,0.2333,0.1833
8/6/2004,10,786.1548,953.8958,64.2631,1.2833,0.7167
8/6/2004,11,937.6798,958.7005,107.0883,10.9333,6.6000
8/6/2004,12,1039.0008,960.8232,158.6006,19.3000,11.3500
8/6/2004,13,567.2532,376.0065,202.4214,64.2833,49.0000
8/6/2004,14,509.4562,219.6605,312.7439,83.3333,60.7167
8/6/2004,15,588.6835,401.5183,266.1430,70.3333,57.0667
8/6/2004,16,196.9662,169.4310,71.4973,76.9000,55.8167
8/6/2004,17,377.6887,639.0136,101.3599,47.2833,26.7500
8/6/2004,18,225.8488,679.2916,59.1971,2.2333,0.7667
8/6/2004,19,57.9360,387.8506,35.5325,2.5667,0.9667
8/6/2004,20,-4.6035,-0.2411,-2.2802,-1.0000,-1.0000
8/6/2004,21,-4.0983,-0.1528,-2.7749,-1.0000,-1.0000
8/6/2004,22,-3.8330,0.0781,-2.5067,-1.0000,-1.0000
8/6/2004,23,-2.6698,0.4513,-1.5829,-1.0000,-1.0000
8/7/2004,0,-3.3102,0.5168,-2.1223,-1.0000,-1.0000
8/7/2004,1,-4.8227,0.4744,-3.3608,-1.0000,-1.0000
8/7/2004,2,-2.2824,1.9559,-1.4560,-1.0000,-1.0000
8/7/2004,3,-2.2343,0.9824,-1.3191,-1.0000,-1.0000
8/7/2004,4,-3.1320,0.0195,-1.8925,-1.0000,-1.0000
8/7/2004,5,-3.1693,-0.3672,-1.8752,-1.0000,-1.0000
8/7/2004,6,43.3685,226.1331,34.3623,1.1833,0.1667
8/7/2004,7,263.2718,480.5543,171.6238,63.9000,32.7833
8/7/2004,8,404.9043,541.5682,169.2582,45.3000,30.1333
8/7/2004,9,452.8867,277.3192,257.6921,51.8667,37.1833
8/7/2004,10,479.7123,86.4607,417.5501,97.9000,84.2000
8/7/2004,11,787.0207,538.6225,309.7184,56.7000,40.3500
8/7/2004,12,705.5635,504.8791,237.8006,46.7000,34.7833
8/7/2004,13,235.6795,21.7460,208.3301,90.5000,66.2500
8/7/2004,14,366.6764,210.0193,177.2979,68.5167,46.0833
8/7/2004,15,301.0793,209.0200,130.6081,81.8833,62.1333
8/7/2004,16,365.8358,290.6372,201.4286,85.4000,69.1500
8/7/2004,17,370.3601,467.6717,154.6744,46.6833,32.0833
8/7/2004,18,67.1653,-0.6538,67.2162,63.3833,50.1833
8/7/2004,19,28.1679,15.9879,27.7796,16.4909,11.8000
8/7/2004,20,-2.6264,-0.0035,-1.3572,-1.0000,-1.0000
8/7/2004,21,-3.8357,-0.3521,-2.5015,-1.0000,-1.0000
8/7/2004,22,-3.8387,-0.4343,-2.4435,-1.0000,-1.0000
8/7/2004,23,-4.0810,-0.5239,-2.6352,-1.0000,-1.0000
8/8/2004,0,-5.5769,-0.6008,-3.8772,-1.0000,-1.0000
8/8/2004,1,-3.9048,0.0950,-2.4993,-1.0000,-1.0000
8/8/2004,2,-3.4524,0.2608,-2.2239,-1.0000,-1.0000
8/8/2004,3,-4.8070,-1.6490,-3.0285,-1.0000,-1.0000
8/8/2004,4,-5.3961,-0.5719,-3.5155,-1.0000,-1.0000
8/8/2004,5,-3.1869,0.7025,-1.9856,-1.0000,-1.0000
8/8/2004,6,14.5976,55.5580,15.7254,36.5667,24.0667
8/8/2004,7,67.9343,4.6791,67.1549,95.4667,83.3167
8/8/2004,8,337.6952,368.9731,168.6528,51.7167,39.8333
8/8/2004,9,596.9400,691.5810,178.2322,21.0500,13.7333
8/8/2004,10,798.8487,920.2310,103.6234,5.9500,3.7333
8/8/2004,11,812.1610,771.3163,141.1303,10.6667,6.8500
8/8/2004,12,978.0423,946.6093,101.9309,0.2167,0.1500
8/8/2004,13,979.7038,929.8035,114.1051,1.1167,0.6333
8/8/2004,14,908.4945,916.3173,108.8246,0.0000,0.0000
8/8/2004,15,787.7460,889.2997,103.9186,0.5833,0.5833
8/8/2004,16,616.8255,838.5655,96.9741,1.0500,0.9167
8/8/2004,17,407.3865,685.8064,102.9034,9.6500,6.1833
8/8/2004,18,195.0133,505.6160,80.6746,11.1333,7.8667
8/8/2004,19,44.0681,225.7518,33.3026,8.3833,6.2500
8/8/2004,20,-4.9861,-1.1241,-2.7248,-1.0000,-1.0000
8/8/2004,21,-4.3183,0.2811,-2.9535,-1.0000,-1.0000
8/8/2004,22,-4.6419,-0.2145,-3.2530,-1.0000,-1.0000
8/8/2004,23,-4.2610,-0.2793,-2.9044,-1.0000,-1.0000
8/9/2004,0,-3.7897,0.1898,-2.5128,-1.0000,-1.0000
8/9/2004,1,-3.6926,-0.0062,-2.2568,-1.0000,-1.0000
8/9/2004,2,-4.0195,-0.1781,-2.4037,-1.0000,-1.0000
8/9/2004,3,-4.1024,-0.2529,-2.5446,-1.0000,-1.0000
8/9/2004,4,-4.1826,0.2376,-2.7925,-1.0000,-1.0000
8/9/2004,5,-3.3147,0.3708,-2.0833,-1.0000,-1.0000
8/9/2004,6,33.4706,183.1705,28.1759,1.0833,0.7833
8/9/2004,7,198.8002,604.8863,71.2461,2.2667,1.8333
8/9/2004,8,413.5460,798.3045,80.5815,1.3667,1.0333
8/9/2004,9,612.3767,884.3717,82.9120,0.2000,0.1667
8/9/2004,10,786.0055,929.4037,87.2169,0.0000,0.0000
8/9/2004,11,909.3052,937.6285,100.7688,0.0000,0.0000
8/9/2004,12,971.4062,930.8260,115.7183,0.0000,0.0000
8/9/2004,13,971.0337,911.5465,130.1768,0.7500,0.4167
8/9/2004,14,898.1790,833.5945,172.5444,7.2333,3.2333
8/9/2004,15,746.2030,686.7292,220.5375,19.0667,8.7500
8/9/2004,16,397.7902,268.7020,230.9694,56.5000,36.6833
8/9/2004,17,410.0505,392.2353,238.8533,58.6500,41.6333
8/9/2004,18,184.8259,195.2078,137.4376,60.0833,38.4333
8/9/2004,19,24.9980,12.6949,24.9745,31.8000,20.2000
8/9/2004,20,-0.8371,-0.2376,-0.1928,-1.0000,-1.0000
8/9/2004,21,-1.4303,0.1865,-0.6873,-1.0000,-1.0000
8/9/2004,22,-3.6530,-0.4280,-2.3684,-1.0000,-1.0000
8/9/2004,23,-1.3940,-0.0771,-0.7147,-1.0000,-1.0000
8/10/2004,0,-2.6326,-0.2682,-1.6184,-1.0000,-1.0000
8/10/2004,1,-1.2236,0.1783,-0.5492,-1.0000,-1.0000
8/10/2004,2,-0.4848,0.6159,-0.0470,-1.0000,-1.0000
8/10/2004,3,-2.8143,0.3623,-1.8007,-1.0000,-1.0000
8/10/2004,4,-4.7665,0.5388,-3.4922,-1.0000,-1.0000
8/10/2004,5,-3.1804,0.9604,-2.0263,-1.0000,-1.0000
8/10/2004,6,16.1796,13.4279,16.8542,29.3667,20.1333
8/10/2004,7,81.4221,28.6982,75.3944,56.1667,40.4667
8/10/2004,8,329.7157,471.2535,125.5366,29.3000,18.8000
8/10/2004,9,606.0847,863.8662,94.3842,1.5333,0.9167
8/10/2004,10,785.3905,915.7855,100.6190,0.0000,0.0000
8/10/2004,11,909.7248,926.6935,113.6249,0.0000,0.0000
8/10/2004,12,970.2878,920.9683,127.8893,1.3500,0.6667
8/10/2004,13,978.6598,912.4565,140.8619,2.7167,1.0333
8/10/2004,14,909.7585,856.2452,167.8767,4.6667,1.9833
8/10/2004,15,791.5402,876.8785,119.7402,4.6000,2.2667
8/10/2004,16,576.2020,744.5287,117.2553,11.5667,7.0167
8/10/2004,17,298.4926,256.8024,173.0637,68.5833,58.5833
8/10/2004,18,85.8243,31.9072,81.7997,85.5500,77.4167
8/10/2004,19,11.9166,0.2540,12.1903,26.1833,17.6000
8/10/2004,20,-0.9931,-2.8178,-0.3552,-1.0000,-1.0000
8/10/2004,21,-0.0864,2.8457,0.1432,-1.0000,-1.0000
8/10/2004,22,-1.0244,2.8941,-0.4423,-1.0000,-1.0000
8/10/2004,23,-2.0953,1.0339,-1.2654,-1.0000,-1.0000
8/11/2004,0,-0.9578,0.4300,-0.3614,-1.0000,-1.0000
8/11/2004,1,-0.8457,1.2104,-0.4188,-1.0000,-1.0000
8/11/2004,2,-0.7090,0.9740,-0.3163,-1.0000,-1.0000
8/11/2004,3,-1.2098,0.7921,-0.9096,-1.0000,-1.0000
8/11/2004,4,-1.1791,0.7822,-0.7125,-1.0000,-1.0000
8/11/2004,5,-0.8498,1.7448,-0.3166,-1.0000,-1.0000
8/11/2004,6,12.0213,1.8380,12.1269,21.4333,9.8167
8/11/2004,7,137.7211,78.9341,124.0019,71.5000,48.2333
8/11/2004,8,414.0925,380.3572,262.7846,75.1333,57.0667
8/11/2004,9,305.4212,133.3256,236.9209,74.8500,57.4833
8/11/2004,10,380.3955,115.0515,286.0104,73.1833,54.6667
8/11/2004,11,740.5378,475.5501,328.5455,50.5500,35.6167
8/11/2004,12,407.2292,41.3284,364.6022,86.5500,62.2167
8/11/2004,13,545.0492,212.0161,348.1636,76.1667,50.5500
8/11/2004,14,135.9714,11.9080,118.1708,95.8500,70.0667
8/11/2004,15,226.2104,17.5929,213.6443,91.0000,67.2500
8/11/2004,16,288.3906,172.9465,190.4818,82.3000,58.9667
8/11/2004,17,321.6620,326.2488,173.9677,73.1500,35.0167
8/11/2004,18,196.9665,413.3365,107.3857,26.6500,15.7667
8/11/2004,19,23.6853,72.6122,19.1846,10.7167,6.5000
8/11/2004,20,-3.6828,-0.1454,-2.4053,-1.0000,-1.0000
8/11/2004,21,-2.8167,0.3490,-1.6411,-1.0000,-1.0000
8/11/2004,22,-3.5701,0.1004,-2.0672,-1.0000,-1.0000
8/11/2004,23,-3.4007,0.3135,-2.0509,-1.0000,-1.0000
8/12/2004,0,-3.6252,0.1861,-2.2527,-1.0000,-1.0000
8/12/2004,1,-3.7351,0.1063,-2.4604,-1.0000,-1.0000
8/12/2004,2,-3.3702,0.1880,-1.9979,-1.0000,-1.0000
8/12/2004,3,-3.8184,0.0264,-2.3947,-1.0000,-1.0000
8/12/2004,4,-3.3736,0.1372,-2.0032,-1.0000,-1.0000
8/12/2004,5,-1.5619,0.9637,-0.8021,-1.0000,-1.0000
8/12/2004,6,22.7141,37.4080,22.2896,12.2500,8.9500
8/12/2004,7,109.5941,16.0676,108.4921,69.8500,53.1000
8/12/2004,8,351.5192,458.7016,158.8553,33.4000,22.7000
8/12/2004,9,588.7613,767.5567,134.4974,13.6500,9.0000
8/12/2004,10,774.4222,872.8475,125.7521,6.5667,3.9000
8/12/2004,11,893.2558,880.2970,130.1450,2.9153,1.4915
8/12/2004,12,967.9263,941.7887,109.6246,0.2667,0.1667
8/12/2004,13,962.7487,928.4897,114.5113,0.4333,0.4333
8/12/2004,14,891.4527,900.4443,115.2898,0.9833,0.9000
8/12/2004,15,761.9355,846.9623,121.6781,2.9833,1.6000
8/12/2004,16,398.9387,426.7117,152.2176,22.6167,14.0333
8/12/2004,17,217.4646,223.9308,107.6679,33.5000,24.9167
8/12/2004,18,95.6285,16.0980,94.7763,83.1250,70.2083
8/12/2004,19,32.1885,97.9538,28.9177,-1.0000,-1.0000
8/12/2004,20,-5.0968,-0.8963,-3.3186,-1.0000,-1.0000
8/12/2004,21,-4.9103,0.2307,-3.5286,-1.0000,-1.0000
8/12/2004,22,-4.8717,-0.7839,-3.3764,-1.0000,-1.0000
8/12/2004,23,-3.9066,0.0058,-2.6410,-1.0000,-1.0000
8/13/2004,0,-4.1975,-0.4505,-2.6596,-1.0000,-1.0000
8/13/2004,1,-4.4381,0.3155,-3.1216,-1.0000,-1.0000
8/13/2004,2,-4.9067,0.7879,-3.5796,-1.0000,-1.0000
8/13/2004,3,-3.8560,-0.3972,-2.7083,-99999,-99999
8/13/2004,4,-4.2562,-0.3667,-2.9157,-99999,-99999
8/13/2004,5,-3.6576,0.0681,-2.5442,-99999,-99999
8/13/2004,6,32.4733,234.0184,26.1270,-99999,-99999
8/13/2004,7,193.7343,672.6692,59.8287,-99999,-99999
8/13/2004,8,401.5500,826.4095,66.6164,-99999,-99999
8/13/2004,9,604.4523,905.0537,74.1351,-99999,-99999
8/13/2004,10,776.7937,944.4523,80.8669,-99999,-99999
8/13/2004,11,899.0108,953.2303,89.5320,-99999,-99999
8/13/2004,12,962.5022,949.6672,99.6604,-99999,-99999
8/13/2004,13,963.3162,948.8503,99.9446,-99999,-99999
8/13/2004,14,898.9885,928.0417,103.5307,-99999,-99999
8/13/2004,15,769.9588,880.3903,106.6303,-99999,-99999
8/13/2004,16,601.6708,835.5657,98.1515,-99999,-99999
8/13/2004,17,381.8207,664.6820,97.5935,-99999,-99999
8/13/2004,18,182.1170,472.0317,76.9761,-99999,-99999
8/13/2004,19,18.9747,34.1057,17.3916,-99999,-99999
8/13/2004,20,-4.8297,-0.1874,-3.2541,-99999,-99999
8/13/2004,21,-5.2136,0.5089,-3.6835,-99999,-99999
8/13/2004,22,-5.2497,-0.6898,-3.4477,-99999,-99999
8/13/2004,23,-3.5792,0.2971,-2.3276,-99999,-99999
8/14/2004,0,-3.5655,0.0602,-2.4228,-99999,-99999
8/14/2004,1,-4.2420,0.2020,-2.8543,-99999,-99999
8/14/2004,2,-3.9342,0.0207,-2.7809,-99999,-99999
8/14/2004,3,-4.7685,-1.1316,-3.0666,-99999,-99999
8/14/2004,4,-3.8337,0.4904,-2.3188,-99999,-99999
8/14/2004,5,-4.7798,-0.2888,-3.2342,-99999,-99999
8/14/2004,6,27.6571,197.2840,22.2782,-99999,-99999
8/14/2004,7,190.9398,641.8452,64.0420,-99999,-99999
8/14/2004,8,396.1033,818.3567,68.5143,-99999,-99999
8/14/2004,9,597.3250,895.9595,75.1059,-99999,-99999
8/14/2004,10,771.8788,935.4068,83.4824,-99999,-99999
8/14/2004,11,898.3117,956.3242,88.7499,-99999,-99999
8/14/2004,12,968.0525,957.1335,99.9673,-99999,-99999
8/14/2004,13,957.9240,927.6018,115.3997,-99999,-99999
8/14/2004,14,742.4640,564.7180,244.0961,-99999,-99999
8/14/2004,15,765.0807,841.9535,135.0691,-99999,-99999
8/14/2004,16,595.5367,807.9122,112.6283,-99999,-99999
8/14/2004,17,353.0740,559.4283,111.4089,-99999,-99999
8/14/2004,18,67.2216,96.3296,47.4430,-99999,-99999
8/14/2004,19,27.7578,48.8521,27.9386,-99999,-99999
8/14/2004,20,-4.2029,-0.0297,-2.7378,-99999,-99999
8/14/2004,21,-5.3745,-0.1541,-3.8627,-99999,-99999
8/14/2004,22,-5.3234,-0.6036,-3.7969,-99999,-99999
8/14/2004,23,-4.3470,-0.0728,-3.0337,-99999,-99999
8/15/2004,0,-4.7006,-0.0186,-3.5444,-1.0000,-1.0000
8/15/2004,1,-4.3251,-0.1719,-3.1630,-1.0000,-1.0000
8/15/2004,2,-3.8156,-0.0759,-2.6403,-1.0000,-1.0000
8/15/2004,3,-3.9245,-0.4125,-2.5565,-1.0000,-1.0000
8/15/2004,4,-3.8767,-0.3899,-2.2637,-1.0000,-1.0000
8/15/2004,5,-3.9322,-0.2211,-2.4282,-1.0000,-1.0000
8/15/2004,6,25.2381,171.4852,20.7450,-1.0000,-1.0000
8/15/2004,7,180.5438,596.2345,65.4464,-99999,-99999
8/15/2004,8,387.4080,775.4842,77.1847,-99999,-99999
8/15/2004,9,592.1905,880.3345,81.3896,0.0000,0.0000
8/15/2004,10,767.2287,926.5420,87.3812,0.0000,0.0000
8/15/2004,11,894.4113,948.6388,95.5311,0.0000,0.0000
8/15/2004,12,960.2175,946.2493,107.8647,0.4500,0.3500
8/15/2004,13,966.5583,940.2915,114.0665,1.3000,0.7000
8/15/2004,14,796.4968,726.2341,174.0651,13.3333,8.5667
8/15/2004,15,758.3365,834.7733,136.1918,2.0667,1.2333
8/15/2004,16,593.4247,807.9058,113.1055,4.2500,2.4500
8/15/2004,17,284.9234,284.1571,152.9210,70.3000,51.2167
8/15/2004,18,163.2604,370.6094,100.8887,49.2167,35.0000
8/15/2004,19,31.2952,180.2507,24.9763,1.6500,1.1167
8/15/2004,20,-6.7433,-0.8413,-4.7997,-1.0000,-1.0000
8/15/2004,21,-6.0001,-0.4066,-4.2084,-1.0000,-1.0000
8/15/2004,22,-3.7952,0.2078,-2.5379,-1.0000,-1.0000
8/15/2004,23,-3.3828,0.2837,-2.2578,-1.0000,-1.0000
8/16/2004,0,-3.2967,0.0368,-2.1950,-1.0000,-1.0000
8/16/2004,1,-3.8121,-0.2285,-2.5186,-1.0000,-1.0000
8/16/2004,2,-3.9708,-0.3566,-2.3919,-1.0000,-1.0000
8/16/2004,3,-4.4255,-0.3166,-2.7860,-1.0000,-1.0000
8/16/2004,4,-4.1302,-0.1106,-2.6082,-1.0000,-1.0000
8/16/2004,5,-3.5467,0.3550,-2.3502,-1.0000,-1.0000
8/16/2004,6,26.1874,152.4875,23.4918,0.3000,0.2500
8/16/2004,7,172.3321,520.9212,73.2661,2.6167,2.0000
8/16/2004,8,372.0710,710.5725,91.5067,1.6500,0.9000
8/16/2004,9,571.4102,813.5118,103.2654,0.0000,0.0000
8/16/2004,10,749.2743,869.1252,111.8291,0.0000,0.0000
8/16/2004,11,881.6938,905.9775,118.1719,0.1333,0.1333
8/16/2004,12,952.4430,922.7037,119.9295,0.3667,0.3667
8/16/2004,13,956.8245,924.5022,121.0126,0.4667,0.4333
8/16/2004,14,896.8623,912.5000,121.8002,2.0000,1.0000
8/16/2004,15,768.0547,853.8537,133.0408,3.8167,1.6500
8/16/2004,16,589.5333,793.2512,119.7025,1.9333,1.0000
8/16/2004,17,378.3760,662.6967,103.4984,4.6000,2.6167
8/16/2004,18,157.9665,275.6617,97.0264,34.1000,20.3000
8/16/2004,19,10.5143,6.0331,11.4295,10.1667,6.6000
8/16/2004,20,-5.3442,-0.0149,-3.8014,-1.0000,-1.0000
8/16/2004,21,-5.3530,-0.5546,-3.6770,-1.0000,-1.0000
8/16/2004,22,-4.5832,-0.2069,-2.9903,-1.0000,-1.0000
8/16/2004,23,-3.6245,0.2472,-2.1935,-1.0000,-1.0000
8/17/2004,0,-4.3654,0.0452,-2.8924,-1.0000,-1.0000
8/17/2004,1,-4.3046,-0.1061,-3.0057,-1.0000,-1.0000
8/17/2004,2,-3.8235,0.2650,-2.6431,-1.0000,-1.0000
8/17/2004,3,-3.9048,0.1677,-2.7096,-1.0000,-1.0000
8/17/2004,4,-5.3632,0.0915,-3.8551,-1.0000,-1.0000
8/17/2004,5,-4.1440,0.3591,-3.1236,-1.0000,-1.0000
8/17/2004,6,30.8780,133.6148,27.3161,4.1333,2.5667
8/17/2004,7,202.8851,562.7972,100.2709,15.6333,8.1500
8/17/2004,8,384.5230,687.9267,108.5680,3.8167,1.7833
8/17/2004,9,545.2117,745.7718,110.8734,2.3333,1.2500
8/17/2004,10,751.0132,866.0208,116.6175,0.9333,0.2000
8/17/2004,11,879.8493,886.4465,135.8475,5.7193,3.6140
8/17/2004,12,712.4793,363.6617,362.9482,47.4167,32.0000
8/17/2004,13,790.4098,576.1119,266.6714,30.4068,21.2203
8/17/2004,14,437.0747,116.7284,326.9675,89.3167,68.5833
8/17/2004,15,175.4208,1.0565,175.2911,98.6667,85.4667
8/17/2004,16,420.0893,311.2610,252.1575,81.5667,60.5667
8/17/2004,17,172.7087,109.9562,117.5088,78.3667,60.0333
8/17/2004,18,30.6295,-3.7168,30.6587,97.9000,81.8833
8/17/2004,19,1.3848,0.3742,1.9444,31.7333,17.3000
8/17/2004,20,-2.2310,0.4322,-1.4379,-1.0000,-1.0000
8/17/2004,21,-2.5642,0.2091,-1.5855,-1.0000,-1.0000
8/17/2004,22,-4.1233,-0.5660,-2.7393,-1.0000,-1.0000
8/17/2004,23,-4.1904,-0.2392,-2.8051,-1.0000,-1.0000
8/18/2004,0,-3.5778,-0.1580,-2.4549,-1.0000,-1.0000
8/18/2004,1,-3.4274,-0.1651,-2.3671,-1.0000,-1.0000
8/18/2004,2,-2.1553,0.6429,-1.4309,-1.0000,-1.0000
8/18/2004,3,-3.6207,0.7089,-2.5464,-1.0000,-1.0000
8/18/2004,4,-2.7363,0.6648,-1.8749,-1.0000,-1.0000
8/18/2004,5,-3.4622,-0.2505,-2.0834,-1.0000,-1.0000
8/18/2004,6,17.2801,1.0475,17.6337,7.5333,4.9500
8/18/2004,7,61.4506,5.7542,60.8239,51.6333,32.1167
8/18/2004,8,170.2534,63.0072,149.8891,68.6833,52.7000
8/18/2004,9,277.8433,18.5640,266.1712,91.4500,77.4167
8/18/2004,10,478.8908,172.4454,349.5563,84.8333,64.5333
8/18/2004,11,667.0390,291.8553,410.9481,74.2000,50.5000
8/18/2004,12,705.0397,341.9902,377.7991,59.9661,38.7966
8/18/2004,13,476.8247,76.0246,402.9972,92.7833,69.0333
8/18/2004,14,311.7550,23.6873,290.5924,98.1667,80.1500
8/18/2004,15,54.4160,-4.1625,54.4160,99.1667,80.1333
8/18/2004,16,19.0116,-1.8529,19.0116,98.1333,80.6333
8/18/2004,17,11.8878,-0.3073,11.8878,95.9833,72.4500
8/18/2004,18,8.8300,-0.0182,8.8300,91.6333,62.4333
8/18/2004,19,3.2141,-0.0682,3.4176,34.7000,19.6000
8/18/2004,20,-0.0235,0.5445,0.4429,-1.0000,-1.0000
8/18/2004,21,-0.0474,0.3959,0.3296,-1.0000,-1.0000
8/18/2004,22,-0.0256,0.5283,0.3182,-1.0000,-1.0000
8/18/2004,23,-0.0109,0.7539,0.2982,-1.0000,-1.0000
8/19/2004,0,-0.0950,0.3662,0.3010,-1.0000,-1.0000
8/19/2004,1,0.0000,1.0002,0.3521,-1.0000,-1.0000
8/19/2004,2,-0.0477,0.6705,0.2214,-1.0000,-1.0000
8/19/2004,3,-0.1616,0.7157,0.1635,-1.0000,-1.0000
8/19/2004,4,-0.3768,0.8471,0.1663,-1.0000,-1.0000
8/19/2004,5,-0.0881,0.3627,0.4063,-1.0000,-1.0000
8/19/2004,6,2.4854,0.4360,2.6033,17.1667,8.6833
8/19/2004,7,16.6396,2.0440,16.6396,91.2000,65.1500
8/19/2004,8,76.4190,2.4802,76.4190,96.8167,77.9333
8/19/2004,9,262.8842,8.3824,260.6368,99.0167,88.8500
8/19/2004,10,427.6155,30.5729,406.1921,98.2333,78.6500
8/19/2004,11,384.0222,11.9466,379.8621,98.1833,77.3333
8/19/2004,12,409.2355,14.9779,400.6050,95.1167,68.9833
8/19/2004,13,437.1223,11.7424,429.1343,97.8500,79.9167
8/19/2004,14,210.1651,11.5773,192.8270,95.7333,70.0167
8/19/2004,15,438.0747,117.2463,332.4248,90.4167,67.7333
8/19/2004,16,289.3013,73.6939,249.0993,98.7500,82.4167
8/19/2004,17,129.4081,-1.1222,129.4081,98.3333,77.5333
8/19/2004,18,55.0580,-1.4864,55.0580,95.2203,70.2034
8/19/2004,19,11.5495,3.9463,11.5701,17.6000,10.0833
8/19/2004,20,-3.0834,0.9109,-2.4683,-1.0000,-1.0000
8/19/2004,21,-3.2573,0.7053,-2.5690,-1.0000,-1.0000
8/19/2004,22,-1.9039,1.7494,-1.5062,-1.0000,-1.0000
8/19/2004,23,-3.0548,1.0429,-2.3373,-1.0000,-1.0000
8/20/2004,0,-3.3624,1.0629,-2.5997,-1.0000,-1.0000
8/20/2004,1,-2.8015,1.5049,-2.1489,-1.0000,-1.0000
8/20/2004,2,-3.0063,1.1511,-2.7038,-1.0000,-1.0000
8/20/2004,3,-2.9778,1.6659,-3.1738,-1.0000,-1.0000
8/20/2004,4,-5.3414,0.9095,-3.6196,-1.0000,-1.0000
8/20/2004,5,-3.5606,0.6246,-1.7484,-1.0000,-1.0000
8/20/2004,6,23.3998,133.6662,21.6956,4.8500,2.7833
8/20/2004,7,178.4637,450.0203,97.1622,28.7333,10.6500
8/20/2004,8,217.3839,125.7322,172.2174,53.8000,39.1167
8/20/2004,9,273.7148,12.7952,266.3666,93.3167,79.0333
8/20/2004,10,731.3433,584.7701,301.7869,53.9500,39.1667
8/20/2004,11,504.1498,46.3887,462.6559,92.7833,74.6000
8/20/2004,12,571.7080,183.5877,397.6063,79.0169,60.3051
8/20/2004,13,955.6530,906.2927,154.2313,5.2167,2.5000
8/20/2004,14,404.4005,163.1811,257.3907,73.0333,55.9667
8/20/2004,15,418.0708,177.3989,272.1665,74.0500,57.2667
8/20/2004,16,426.9422,264.8672,260.9296,69.7833,52.6333
8/20/2004,17,53.5617,-6.4112,53.5645,97.6833,85.3667
8/20/2004,18,15.1966,-2.0002,15.1916,95.0667,80.3333
8/20/2004,19,3.0270,0.9444,2.6721,26.7833,16.4000
8/20/2004,20,-0.9465,1.8644,-1.7907,-1.0000,-1.0000
8/20/2004,21,-2.5180,1.0308,-2.6030,-1.0000,-1.0000
8/20/2004,22,-1.2337,0.9360,-1.1298,-1.0000,-1.0000
8/20/2004,23,-1.8842,0.8976,-1.0339,-1.0000,-1.0000
8/21/2004,0,-2.9655,0.6477,-2.4099,-1.0000,-1.0000
8/21/2004,1,-3.1274,0.0868,-2.1868,-1.0000,-1.0000
8/21/2004,2,-3.6360,0.2546,-2.4930,-1.0000,-1.0000
8/21/2004,3,-3.0377,0.7583,-1.9601,-1.0000,-1.0000
8/21/2004,4,-3.2190,0.6885,-2.1099,-1.0000,-1.0000
8/21/2004,5,-3.7607,-0.0565,-2.5743,-1.0000,-1.0000
8/21/2004,6,20.7020,127.9083,19.3566,0.7833,0.2500
8/21/2004,7,164.4634,469.6594,77.6923,12.3667,5.0000
8/21/2004,8,218.2282,171.8179,151.3579,44.3000,28.0833
8/21/2004,9,315.6505,61.9083,279.5157,90.0833,73.4667
8/21/2004,10,437.5442,74.2048,382.7648,93.8667,78.4333
8/21/2004,11,646.6028,252.6933,416.2354,82.6167,61.4500
8/21/2004,12,622.3312,229.6982,411.7148,89.3167,64.5667
8/21/2004,13,439.1072,221.2114,230.6970,63.9833,45.3833
8/21/2004,14,758.4765,607.6137,255.2750,45.7333,30.9333
8/21/2004,15,795.0043,764.9773,237.6853,38.0333,24.5000
8/21/2004,16,184.0738,7.2166,181.0908,82.6167,71.4333
8/21/2004,17,201.4667,162.3583,143.4098,76.4167,59.7667
8/21/2004,18,107.6430,87.4363,87.6436,51.9333,28.1167
8/21/2004,19,13.8018,17.2414,14.2312,9.3000,5.1000
8/21/2004,20,-5.2814,-0.3965,-3.5897,-1.0000,-1.0000
8/21/2004,21,-4.0892,0.0211,-2.8192,-1.0000,-1.0000
8/21/2004,22,-3.2074,0.2357,-2.0293,-1.0000,-1.0000
8/21/2004,23,-2.8492,0.4475,-1.7249,-1.0000,-1.0000
8/22/2004,0,-3.1726,0.1187,-1.9413,-1.0000,-1.0000
8/22/2004,1,-3.1212,-0.0866,-1.9601,-1.0000,-1.0000
8/22/2004,2,-3.2303,-0.0355,-2.0131,-1.0000,-1.0000
8/22/2004,3,-3.0926,0.2450,-1.9413,-1.0000,-1.0000
8/22/2004,4,-3.3476,-0.2244,-2.1325,-1.0000,-1.0000
8/22/2004,5,-3.2769,-0.1564,-2.0696,-1.0000,-1.0000
8/22/2004,6,19.1848,129.7528,17.4426,-0.3500,-0.3500
8/22/2004,7,177.0786,579.2898,72.3374,3.6500,2.3667
8/22/2004,8,394.1697,667.0995,137.7960,21.8667,6.6667
8/22/2004,9,610.3808,781.6742,175.9055,27.0000,8.6167
8/22/2004,10,688.7683,656.8918,191.1551,17.1667,9.5333
8/22/2004,11,907.5293,853.0880,190.6079,17.1833,9.8000
8/22/2004,12,498.7370,293.7532,229.7058,64.3167,46.9167
8/22/2004,13,478.9123,155.5027,331.8077,76.6333,60.9167
8/22/2004,14,464.8550,266.9263,211.2940,58.8167,46.1667
8/22/2004,15,158.4612,-1.2910,158.4612,99.2500,92.3500
8/22/2004,16,82.7508,-5.2213,82.7508,99.0833,90.1500
8/22/2004,17,198.3848,66.2678,179.1374,90.9333,75.6333
8/22/2004,18,138.4071,218.9336,99.3990,51.5333,29.0833
8/22/2004,19,16.7187,62.5976,15.9532,5.7000,1.9167
8/22/2004,20,-4.8140,-0.0654,-3.1931,-1.0000,-1.0000
8/22/2004,21,-3.2301,0.3449,-2.1721,-1.0000,-1.0000
8/22/2004,22,-3.5982,-0.1292,-2.3570,-1.0000,-1.0000
8/22/2004,23,-4.5317,-0.1250,-2.9802,-1.0000,-1.0000
8/23/2004,0,-3.5564,-0.1052,-2.5579,-1.0000,-1.0000
8/23/2004,1,-3.3455,0.0543,-2.2487,-1.0000,-1.0000
8/23/2004,2,-3.1957,0.3935,-1.9869,-1.0000,-1.0000
8/23/2004,3,-3.3539,0.0170,-2.0371,-1.0000,-1.0000
8/23/2004,4,-3.8952,-0.1407,-2.6366,-1.0000,-1.0000
8/23/2004,5,-3.2934,-0.0366,-2.1917,-1.0000,-1.0000
8/23/2004,6,24.5480,113.8080,23.3814,5.6667,0.6667
8/23/2004,7,136.4164,166.9037,113.5357,85.6500,44.2667
8/23/2004,8,215.1467,80.4753,183.5668,88.6667,53.9667
8/23/2004,9,401.9025,321.9798,205.9518,53.5500,31.0833
8/23/2004,10,680.6040,686.3665,174.4958,26.0000,11.1333
8/23/2004,11,683.9020,482.9128,272.4025,55.4833,31.0167
8/23/2004,12,906.5200,789.1472,207.4385,32.7333,14.3167
8/23/2004,13,821.8067,631.3752,248.4610,36.4333,21.2667
8/23/2004,14,672.0108,467.9009,286.1717,52.2667,39.1333
8/23/2004,15,724.5057,587.6875,290.4855,61.6429,45.4643
8/23/2004,16,435.9752,426.8971,189.4301,47.5167,34.4333
8/23/2004,17,265.9763,398.0924,103.0254,20.6833,13.3333
8/23/2004,18,70.1155,94.5723,46.4862,23.1017,15.2034
8/23/2004,19,7.0794,-0.9107,8.0409,7.0667,3.4000
8/23/2004,20,-5.3066,0.9920,-3.7442,-1.0000,-1.0000
8/23/2004,21,-5.2282,0.4712,-3.8708,-1.0000,-1.0000
8/23/2004,22,-4.5081,0.4245,-3.3685,-1.0000,-1.0000
8/23/2004,23,-5.0435,-1.3018,-3.5410,-1.0000,-1.0000
8/24/2004,0,-4.8015,-0.8731,-3.1802,-1.0000,-1.0000
8/24/2004,1,-4.2379,0.8571,-2.9728,-1.0000,-1.0000
8/24/2004,2,-5.5810,-0.1925,-3.8412,-1.0000,-1.0000
8/24/2004,3,-4.0831,0.3957,-2.9454,-1.0000,-1.0000
8/24/2004,4,-3.2871,0.3932,-2.2197,-1.0000,-1.0000
8/24/2004,5,-2.9617,0.4774,-1.8733,-1.0000,-1.0000
8/24/2004,6,10.8776,39.5918,11.4353,10.0500,2.3500
8/24/2004,7,95.4363,48.8003,88.8017,96.4833,80.7667
8/24/2004,8,149.8870,5.7282,149.8870,98.7167,94.4833
8/24/2004,9,247.2002,9.8793,247.0118,97.6667,91.1000
8/24/2004,10,559.8933,360.8813,289.4243,72.0167,44.0500
8/24/2004,11,903.0218,822.6923,221.6405,33.7833,13.0833
8/24/2004,12,802.7778,473.3604,363.0577,64.1000,36.1833
8/24/2004,13,521.5382,115.4023,402.4044,88.0000,62.7833
8/24/2004,14,523.0853,185.7387,338.4905,71.5167,52.2667
8/24/2004,15,304.4965,35.9492,275.2741,97.8833,86.8833
8/24/2004,16,343.7925,147.5516,249.9139,92.6000,78.0500
8/24/2004,17,170.2245,21.7491,161.6710,80.4833,61.3333
8/24/2004,18,79.4745,156.5749,57.2765,27.7167,16.4333
8/24/2004,19,14.5464,43.2305,14.5589,14.8000,10.8833
8/24/2004,20,-3.3667,-0.0317,-2.1040,-1.0000,-1.0000
8/24/2004,21,-3.4960,0.3569,-2.3102,-1.0000,-1.0000
8/24/2004,22,-2.5774,0.8051,-1.6169,-1.0000,-1.0000
8/24/2004,23,-3.5195,-0.0026,-2.2700,-1.0000,-1.0000
8/25/2004,0,-5.7601,-1.4455,-4.0089,-1.0000,-1.0000
8/25/2004,1,-4.7436,-0.2034,-3.2223,-1.0000,-1.0000
8/25/2004,2,-4.1964,0.0459,-2.8963,-1.0000,-1.0000
8/25/2004,3,-4.5838,0.0416,-3.1389,-1.0000,-1.0000
8/25/2004,4,-3.1982,0.4331,-2.1612,-1.0000,-1.0000
8/25/2004,5,-2.4045,0.5629,-1.5425,-1.0000,-1.0000
8/25/2004,6,22.5923,129.9844,21.7554,12.1500,3.0500
8/25/2004,7,54.2393,67.1453,48.4469,88.7000,67.6000
8/25/2004,8,107.6608,2.9291,107.6608,96.3167,89.4667
8/25/2004,9,224.2665,31.6733,206.9826,94.4500,84.8000
8/25/2004,10,454.2727,165.2919,336.9510,90.5333,77.0167
8/25/2004,11,776.2840,605.3520,264.3219,41.0833,21.6000
8/25/2004,12,747.8642,326.7872,449.0428,80.4333,44.4667
8/25/2004,13,868.5558,705.8947,253.9653,40.0500,24.1333
8/25/2004,14,885.2277,977.1387,83.8245,2.7667,1.4833
8/25/2004,15,733.7672,871.6589,111.6745,12.9833,9.6500
8/25/2004,16,447.5735,598.0242,103.2264,16.0500,12.3167
8/25/2004,17,208.9911,326.3451,92.9528,24.7667,19.1167
8/25/2004,18,136.9283,492.1784,60.0148,13.8667,10.3000
8/25/2004,19,14.8408,115.9595,12.8774,3.3167,2.5167
8/25/2004,20,-7.1007,-1.0900,-4.9211,-1.0000,-1.0000
8/25/2004,21,-5.4330,0.2171,-3.8894,-1.0000,-1.0000
8/25/2004,22,-6.1156,-0.6627,-4.5325,-1.0000,-1.0000
8/25/2004,23,-4.6927,-0.3627,-3.2021,-1.0000,-1.0000
8/26/2004,0,-4.1472,0.1546,-2.7791,-1.0000,-1.0000
8/26/2004,1,-4.2414,-0.3055,-2.9183,-1.0000,-1.0000
8/26/2004,2,-4.7739,-0.1061,-3.2584,-1.0000,-1.0000
8/26/2004,3,-4.9141,0.1159,-3.3045,-1.0000,-1.0000
8/26/2004,4,-4.4834,-0.6808,-3.2243,-1.0000,-1.0000
8/26/2004,5,-4.9714,-0.2082,-3.3904,-1.0000,-1.0000
8/26/2004,6,14.4392,149.2305,12.8323,-0.1333,-0.1667
8/26/2004,7,160.3751,637.3660,48.0912,1.0000,1.0000
8/26/2004,8,370.1068,823.6588,58.2933,0.9464,0.9464
8/26/2004,9,572.6477,911.9905,63.9026,0.0333,0.0333
8/26/2004,10,750.9562,948.6662,77.6616,1.9310,0.8448
8/26/2004,11,808.7257,716.0247,216.9201,35.0667,24.6833
8/26/2004,12,934.8943,762.4248,272.4986,42.8333,26.9333
8/26/2004,13,877.8870,754.4784,206.3150,29.2667,18.0500
8/26/2004,14,819.0592,811.0813,153.8002,19.1333,12.2833
8/26/2004,15,770.2922,793.0141,206.6436,38.7333,27.0000
8/26/2004,16,234.1662,35.0632,213.8591,76.1500,64.5167
8/26/2004,17,189.3395,69.4273,160.5758,68.2833,51.0333
8/26/2004,18,76.5641,-2.5270,76.5353,69.8833,49.1500
8/26/2004,19,6.5249,-0.7240,7.1808,7.4167,3.7833
8/26/2004,20,-2.0978,0.9730,-1.3806,-1.0000,-1.0000
8/26/2004,21,-1.1981,1.1959,-0.9708,-1.0000,-1.0000
8/26/2004,22,-1.0093,0.2565,-0.6367,-1.0000,-1.0000
8/26/2004,23,-1.2607,-0.2807,-0.6805,-1.0000,-1.0000
8/27/2004,0,-1.1065,-0.1323,-0.5343,-1.0000,-1.0000
8/27/2004,1,-0.9770,-0.6312,-0.4354,-1.0000,-1.0000
8/27/2004,2,-0.7453,0.3221,-0.2566,-1.0000,-1.0000
8/27/2004,3,-2.0395,-0.3092,-1.5223,-1.0000,-1.0000
8/27/2004,4,-1.6330,0.1363,-1.2803,-1.0000,-1.0000
8/27/2004,5,-0.3131,0.3748,-0.0734,-1.0000,-1.0000
8/27/2004,6,2.3624,0.2696,2.4369,12.3500,8.6667
8/27/2004,7,15.8806,0.8166,15.8448,91.4167,67.5167
8/27/2004,8,27.7149,0.5292,27.7149,94.7000,73.3500
8/27/2004,9,63.8019,0.7732,63.8019,96.8667,75.1833
8/27/2004,10,85.7238,0.9362,85.7238,97.0667,62.9000
8/27/2004,11,25.7469,-0.4145,25.7469,96.3167,66.0167
8/27/2004,12,72.9462,0.9234,72.9460,94.1333,54.0167
8/27/2004,13,140.5768,3.0700,140.5644,96.3167,57.0667
8/27/2004,14,300.2357,7.7387,299.8820,98.8000,76.5500
8/27/2004,15,105.7815,-0.1978,105.5553,98.9500,80.8000
8/27/2004,16,80.5293,2.5990,80.5293,97.8167,79.4667
8/27/2004,17,105.6473,2.0797,105.6473,98.1333,85.7500
8/27/2004,18,69.2457,0.7536,69.2097,94.6667,81.2667
8/27/2004,19,2.3475,1.3773,2.4379,14.4000,9.6000
8/27/2004,20,-0.6614,1.5381,-0.4343,-1.0000,-1.0000
8/27/2004,21,-0.7824,1.3690,-0.6118,-1.0000,-1.0000
8/27/2004,22,-2.3111,1.0104,-1.5701,-1.0000,-1.0000
8/27/2004,23,-3.0143,1.3187,-2.5041,-1.0000,-1.0000
8/28/2004,0,-3.6760,1.2762,-3.5938,-1.0000,-1.0000
8/28/2004,1,-3.7794,0.8325,-3.5497,-1.0000,-1.0000
8/28/2004,2,-4.3922,0.4367,-3.4176,-1.0000,-1.0000
8/28/2004,3,-4.3279,0.6863,-2.6167,-1.0000,-1.0000
8/28/2004,4,-3.0614,0.0140,-1.4006,-1.0000,-1.0000
8/28/2004,5,-2.1153,0.2700,-0.7534,-1.0000,-1.0000
8/28/2004,6,17.1932,184.8659,15.9768,-0.7667,-0.7667
8/28/2004,7,169.6728,715.5158,47.5049,0.4833,0.0000
8/28/2004,8,382.6378,897.0337,50.3517,6.1333,0.0333
8/28/2004,9,585.3378,968.4567,51.5119,6.6833,0.4333
8/28/2004,10,768.5958,1011.1200,54.5487,0.0000,0.0000
8/28/2004,11,897.2923,1034.5800,58.8767,0.0000,0.0000
8/28/2004,12,959.1182,1036.6450,61.7533,0.0000,0.0000
8/28/2004,13,954.1007,1029.8317,62.6562,0.0500,0.0500
8/28/2004,14,880.7500,1012.5862,61.1121,0.6833,0.6833
8/28/2004,15,746.4558,980.1825,60.0795,0.6000,0.6000
8/28/2004,16,565.1387,930.2032,55.6422,0.1167,0.1167
8/28/2004,17,359.6410,845.1970,49.3198,0.2167,0.2167
8/28/2004,18,148.7205,658.4467,41.1017,1.0000,1.0000
8/28/2004,19,10.3328,110.7410,8.6657,-0.4000,-0.4000
8/28/2004,20,-5.3203,-0.2428,-3.8620,-1.0000,-1.0000
8/28/2004,21,-5.1454,-0.5235,-3.5887,-1.0000,-1.0000
8/28/2004,22,-3.7934,0.4200,-2.5784,-1.0000,-1.0000
8/28/2004,23,-3.7744,0.0417,-2.4890,-1.0000,-1.0000
8/29/2004,0,-4.6179,0.3986,-3.1868,-1.0000,-1.0000
8/29/2004,1,-3.3215,0.5189,-2.1825,-1.0000,-1.0000
8/29/2004,2,-4.0473,-0.2840,-2.6786,-1.0000,-1.0000
8/29/2004,3,-5.2917,-0.6515,-3.5948,-1.0000,-1.0000
8/29/2004,4,-4.0754,-0.0419,-2.5695,-1.0000,-1.0000
8/29/2004,5,-3.7620,0.6768,-2.4914,-1.0000,-1.0000
8/29/2004,6,12.6960,174.4507,11.4986,-0.5667,-0.5667
8/29/2004,7,163.0787,702.8298,43.8644,0.2500,0.2500
8/29/2004,8,372.4078,882.8528,48.3147,0.1000,0.1000
8/29/2004,9,569.6328,958.8358,48.2189,0.4000,0.4000
8/29/2004,10,751.1288,989.1847,57.4536,0.0000,0.0000
8/29/2004,11,878.4285,1008.9733,62.9389,0.0000,0.0000
8/29/2004,12,940.2853,1015.1483,63.9687,0.0000,0.0000
8/29/2004,13,936.2687,1010.0267,64.1974,0.0000,0.0000
8/29/2004,14,865.1677,993.9445,62.9887,0.0000,0.0000
8/29/2004,15,734.9405,963.5962,62.2769,0.0333,0.0333
8/29/2004,16,556.2548,914.0410,58.7281,0.0000,0.0000
8/29/2004,17,351.7593,819.4855,52.6053,0.7000,0.7000
8/29/2004,18,143.7150,624.0483,42.6032,1.9333,1.9333
8/29/2004,19,7.2977,93.8320,6.7169,-0.2000,-0.2000
8/29/2004,20,-6.5268,-0.9822,-4.5194,-1.0000,-1.0000
8/29/2004,21,-4.6309,0.0390,-3.2615,-1.0000,-1.0000
8/29/2004,22,-4.2346,0.0645,-2.9131,-1.0000,-1.0000
8/29/2004,23,-4.1615,-0.0576,-2.8498,-1.0000,-1.0000
8/30/2004,0,-4.5704,-0.0242,-3.2327,-1.0000,-1.0000
8/30/2004,1,-4.1955,0.1768,-2.8598,-1.0000,-1.0000
8/30/2004,2,-4.6372,0.3223,-3.3656,-1.0000,-1.0000
8/30/2004,3,-5.3540,-0.5115,-3.9439,-1.0000,-1.0000
8/30/2004,4,-3.3915,0.9074,-2.2154,-1.0000,-1.0000
8/30/2004,5,-3.9013,0.3999,-2.6398,-1.0000,-1.0000
8/30/2004,6,9.6402,117.6607,9.6748,-0.6000,-0.6000
8/30/2004,7,157.9354,625.8862,51.5832,1.1833,1.0000
8/30/2004,8,353.2667,757.3117,75.1275,4.2333,2.5667
8/30/2004,9,536.6855,851.7818,65.4403,2.4000,1.5333
8/30/2004,10,734.4217,964.9430,63.9303,0.7167,0.3000
8/30/2004,11,856.0502,986.4925,66.0075,0.0167,0.0167
8/30/2004,12,924.9395,993.7492,73.5526,3.5333,2.5167
8/30/2004,13,541.0510,408.6441,185.8921,49.8333,41.7500
8/30/2004,14,170.6307,1.1872,170.6307,93.6500,85.5667
8/30/2004,15,151.0096,1.1719,151.0096,99.3500,94.8167
8/30/2004,16,488.0348,446.7256,255.0478,85.3500,72.5833
8/30/2004,17,279.0013,244.4852,194.6827,93.2833,84.5833
8/30/2004,18,122.3915,167.2977,95.4955,78.6667,54.6833
8/30/2004,19,10.5511,-1.0780,11.2303,11.5833,5.7500
8/30/2004,20,-4.1868,0.2882,-2.7434,-1.0000,-1.0000
8/30/2004,21,-2.9955,0.9515,-2.0223,-1.0000,-1.0000
8/30/2004,22,-2.5677,0.8901,-1.5668,-1.0000,-1.0000
8/30/2004,23,-3.5759,-0.1431,-2.2724,-1.0000,-1.0000
8/31/2004,0,-6.0652,-0.1458,-4.2758,-1.0000,-1.0000
8/31/2004,1,-3.6102,0.6367,-2.3396,-1.0000,-1.0000
8/31/2004,2,-4.0732,-0.1252,-2.6155,-1.0000,-1.0000
8/31/2004,3,-3.7171,0.2087,-2.3931,-1.0000,-1.0000
8/31/2004,4,-3.6965,0.1580,-2.4145,-1.0000,-1.0000
8/31/2004,5,-3.9867,-0.0049,-2.5715,-1.0000,-1.0000
8/31/2004,6,8.1870,96.8360,8.4613,-0.2667,-0.2667
8/31/2004,7,131.1643,454.0506,51.3990,4.3333,3.3167
8/31/2004,8,353.4757,750.2385,80.5308,5.2333,4.2333
8/31/2004,9,544.3943,873.5180,75.5285,1.8167,1.2167
8/31/2004,10,731.4093,924.9175,89.4949,2.2500,1.2833
8/31/2004,11,850.5907,952.3700,88.1317,1.6333,0.8500
8/31/2004,12,954.1033,970.7243,127.8484,8.6333,4.4500
8/31/2004,13,891.2445,827.1106,177.6982,15.6167,10.1000
8/31/2004,14,850.7710,943.4777,100.5911,4.2143,2.2143
8/31/2004,15,727.4673,920.0073,99.0168,5.6111,3.4444
8/31/2004,16,443.0797,676.8695,90.0828,9.6167,6.4167
8/31/2004,17,177.0836,197.5234,95.0921,36.6833,26.5833
8/31/2004,18,36.1131,36.5774,33.7060,34.8667,25.4667
8/31/2004,19,6.1748,59.1822,6.3739,2.6167,2.0333
8/31/2004,20,-5.6857,-0.9079,-3.9491,-1.0000,-1.0000
8/31/2004,21,-5.8475,-0.4021,-4.2478,-1.0000,-1.0000
8/31/2004,22,-5.2790,-0.6354,-3.8079,-1.0000,-1.0000
8/31/2004,23,-3.3019,1.0403,-2.1855,-1.0000,-1.0000
