DATE,HOUR-MST,Avg Global PSP [W/m^2],Avg Global Extraterrestrial (calc) [W/m^2],Avg Direct NIP #2 [W/m^2],Avg Diffuse PSP (sband corr) [W/m^2],Avg Total Cloud Cover [%],Avg Opaque Cloud Cover [%]
7/1/2006,1,-4.8636,0.0000,-0.1815,-3.7057,-1.0000,-1.0000
7/1/2006,2,-3.9527,0.0000,0.0868,-3.0565,-1.0000,-1.0000
7/1/2006,3,-3.2843,0.0000,0.1120,-2.3934,-1.0000,-1.0000
7/1/2006,4,-2.9729,0.0000,0.2123,-2.2483,-1.0000,-1.0000
7/1/2006,5,-2.0163,13.7913,-0.8729,-0.9133,-1.0000,-1.0000
7/1/2006,6,81.1633,195.7496,261.4319,58.8733,7.2833,4.8167
7/1/2006,7,259.1218,437.8074,559.0177,106.6508,5.9667,4.3000
7/1/2006,8,464.5233,673.6259,687.7900,132.9662,6.3500,4.6000
7/1/2006,9,672.4528,886.3836,760.4020,168.2561,7.7667,3.2833
7/1/2006,10,798.9632,1061.4499,763.7802,169.9903,2.4000,1.4833
7/1/2006,11,953.7087,1186.8499,818.7230,200.1082,10.2167,6.1000
7/1/2006,12,850.9457,1254.0169,450.4318,388.5126,48.9661,31.9153
7/1/2006,13,796.4198,1258.3623,412.6821,378.3106,54.5333,37.6000
7/1/2006,14,227.8157,1199.5841,-1.9838,227.8157,96.6333,78.3833
7/1/2006,15,221.4107,1081.6882,4.2468,217.4194,98.3667,85.9667
7/1/2006,16,330.4282,912.7174,55.3371,290.7451,85.9333,66.9333
7/1/2006,17,159.7303,704.2174,12.8425,156.0657,94.3667,82.8167
7/1/2006,18,134.6770,470.4995,20.5551,130.4766,81.9667,63.5500
7/1/2006,19,13.5001,228.0386,-0.9145,13.8428,75.8500,45.6333
7/1/2006,20,1.0014,26.2979,-3.4055,2.5107,7.1500,4.1167
7/1/2006,21,-2.6414,0.0000,1.0093,-1.9134,-1.0000,-1.0000
7/1/2006,22,-4.0431,0.0000,-0.4173,-2.8638,-1.0000,-1.0000
7/1/2006,23,-3.3215,0.0000,0.3346,-1.9893,-1.0000,-1.0000
7/2/2006,0,-3.2957,0.0000,0.2226,-2.1368,-1.0000,-1.0000
7/2/2006,1,-3.5470,0.0000,0.2037,-2.4290,-1.0000,-1.0000
7/2/2006,2,-3.0099,0.0000,0.4127,-2.2075,-1.0000,-1.0000
7/2/2006,3,-3.1396,0.0000,0.2006,-2.0720,-1.0000,-1.0000
7/2/2006,4,-3.6095,0.0000,-0.0599,-2.3403,-1.0000,-1.0000
7/2/2006,5,1.4084,13.1691,31.1935,3.7404,-1.0000,-1.0000
7/2/2006,6,88.2715,193.9509,399.0168,58.1206,1.5833,1.4833
7/2/2006,7,268.3205,436.1092,647.8192,85.8760,1.4000,1.1000
7/2/2006,8,475.4830,672.0940,775.0072,97.1339,1.5000,0.7833
7/2/2006,9,673.9508,885.0583,853.4538,102.1033,0.0167,0.0167
7/2/2006,10,847.0248,1060.3544,890.4508,111.3112,1.5000,1.0333
7/2/2006,11,790.1665,1185.9923,528.7918,305.4316,44.3167,30.5500
7/2/2006,12,943.0880,1253.3870,522.1265,436.8760,73.5500,53.9333
7/2/2006,13,320.6145,1257.9354,8.8136,314.5837,95.3333,79.4500
7/2/2006,14,853.8213,1199.3192,468.7462,401.4555,57.7667,34.5167
7/2/2006,15,318.8037,1081.5346,5.8473,315.6283,94.6333,77.0833
7/2/2006,16,243.6551,912.6148,13.4404,236.8109,94.9833,79.3333
7/2/2006,17,67.4358,704.1028,-4.5808,67.4358,98.8667,91.0833
7/2/2006,18,53.0162,470.3102,4.7742,52.2057,98.2167,86.2833
7/2/2006,19,53.9034,227.7186,33.1950,51.8087,91.6500,52.0833
7/2/2006,20,1.2433,26.0854,1.6590,1.3225,2.8333,0.3000
7/2/2006,21,-2.3402,0.0000,-0.0204,-1.6543,-1.0000,-1.0000
7/2/2006,22,-0.5134,0.0000,2.0637,-0.4932,-1.0000,-1.0000
7/2/2006,23,-2.9511,0.0000,0.7040,-2.0255,-1.0000,-1.0000
7/3/2006,0,-3.2034,0.0000,-1.3837,-2.2333,-1.0000,-1.0000
7/3/2006,1,-2.4050,0.0000,-0.4602,-1.5006,-1.0000,-1.0000
7/3/2006,2,-1.8514,0.0000,0.6355,-1.2942,-1.0000,-1.0000
7/3/2006,3,-1.8050,0.0000,-0.4790,-1.1046,-1.0000,-1.0000
7/3/2006,4,-1.9222,0.0000,-0.7174,-1.1508,-1.0000,-1.0000
7/3/2006,5,1.2086,12.5370,0.8833,1.5333,-1.0000,-1.0000
7/3/2006,6,65.1177,192.0770,18.0380,63.5211,77.0167,65.4000
7/3/2006,7,231.0688,434.3483,216.7003,174.5862,80.8667,60.8000
7/3/2006,8,217.5050,670.5122,4.7875,217.2155,93.0167,83.0333
7/3/2006,9,213.4690,883.6922,2.2814,212.8810,97.7833,82.9500
7/3/2006,10,306.4320,1059.2247,9.8150,304.2922,97.6667,79.7000
7/3/2006,11,417.2172,1185.1023,53.8862,362.6365,78.7167,53.2333
7/3/2006,12,1015.5113,1252.7245,722.9122,293.5305,22.2833,11.7333
7/3/2006,13,792.1707,1257.4700,299.2471,475.7799,66.9167,47.1500
7/3/2006,14,388.1408,1199.0086,54.7038,333.8898,92.0833,65.9667
7/3/2006,15,272.6052,1081.3232,4.6522,271.7664,99.3000,87.7833
7/3/2006,16,283.2712,912.4417,3.2430,282.0622,99.3333,90.9833
7/3/2006,17,239.4735,703.9028,4.8077,239.2497,98.3667,87.6833
7/3/2006,18,140.5159,470.0206,15.1737,135.5583,97.9833,88.1167
7/3/2006,19,33.2066,227.2855,-0.3439,33.2066,88.6607,56.8393
7/3/2006,20,3.2761,25.8154,0.7772,3.4993,14.4000,12.2000
7/3/2006,21,-1.3385,0.0000,1.2192,-1.0164,-1.0000,-1.0000
7/3/2006,22,-4.0959,0.0000,0.1933,-3.1415,-1.0000,-1.0000
7/3/2006,23,-4.4860,0.0000,0.5181,-3.2668,-1.0000,-1.0000
7/4/2006,0,-1.7994,0.0000,1.9461,-1.5541,-1.0000,-1.0000
7/4/2006,1,-1.2557,0.0000,1.7187,-1.2580,-1.0000,-1.0000
7/4/2006,2,-4.4551,0.0000,0.8092,-3.5424,-1.0000,-1.0000
7/4/2006,3,-4.2333,0.0000,0.1416,-3.3971,-1.0000,-1.0000
7/4/2006,4,-5.0353,0.0000,-0.8063,-3.7768,-1.0000,-1.0000
7/4/2006,5,1.5644,11.8929,42.1856,4.0048,-1.0000,-1.0000
7/4/2006,6,91.5682,190.1292,453.7547,57.7561,0.9667,0.9667
7/4/2006,7,272.3315,432.5265,712.5810,76.9787,0.3000,0.3000
7/4/2006,8,474.8170,668.8804,818.7067,83.6250,0.7500,0.6833
7/4/2006,9,667.5408,882.2855,886.2352,84.6555,0.1667,0.1667
7/4/2006,10,832.7078,1058.0611,893.8802,105.2733,0.7333,0.7333
7/4/2006,11,993.2247,1184.1820,917.9737,150.8666,8.6667,4.8833
7/4/2006,12,1031.0355,1252.0291,798.3167,257.1238,30.6167,19.8333
7/4/2006,13,783.0492,1256.9664,308.7433,458.7356,65.5833,48.5167
7/4/2006,14,788.4032,1198.6509,394.4450,412.1021,61.0500,38.0167
7/4/2006,15,505.2005,1081.0532,255.5608,287.4481,61.4500,45.4000
7/4/2006,16,653.1520,912.1960,585.3663,263.3750,36.9833,21.7833
7/4/2006,17,422.6757,703.6162,441.5024,208.3169,43.6833,27.4333
7/4/2006,18,91.2370,469.6298,11.4742,86.7199,78.1167,57.9500
7/4/2006,19,3.5931,226.7381,-7.2078,4.1521,84.5333,59.4500
7/4/2006,20,2.9701,25.4959,2.9421,2.7963,14.2167,12.6000
7/4/2006,21,-0.5020,0.0000,1.7295,-0.5817,-1.0000,-1.0000
7/4/2006,22,0.2047,0.0000,3.0497,-0.2739,-1.0000,-1.0000
7/4/2006,23,-0.3242,0.0000,3.1098,-0.7505,-1.0000,-1.0000
7/5/2006,0,-0.7787,0.0000,3.1573,-0.9848,-1.0000,-1.0000
7/5/2006,1,-1.5568,0.0000,3.0643,-1.2797,-1.0000,-1.0000
7/5/2006,2,-2.0857,0.0000,1.8946,-1.6819,-1.0000,-1.0000
7/5/2006,3,-2.7512,0.0000,2.6060,-1.8952,-1.0000,-1.0000
7/5/2006,4,-1.4439,0.0000,1.9706,-1.0711,-1.0000,-1.0000
7/5/2006,5,3.2134,11.2411,21.5348,3.9528,-1.0000,-1.0000
7/5/2006,6,86.3869,188.1096,254.2057,71.4700,12.4333,8.3500
7/5/2006,7,187.5812,430.6446,82.1082,167.8544,89.7167,82.3000
7/5/2006,8,341.9288,667.2005,237.2789,238.6503,73.2333,59.6167
7/5/2006,9,537.5862,880.8398,297.4056,337.2097,72.9333,44.3500
7/5/2006,10,737.1877,1056.8637,473.5412,344.3126,44.2833,25.0000
7/5/2006,11,872.6837,1183.2282,584.4449,321.5794,22.6500,9.9500
7/5/2006,12,960.0948,1251.2993,603.0364,367.1793,34.0833,14.5167
7/5/2006,13,792.5898,1256.4234,388.3499,403.3732,61.2167,42.1000
7/5/2006,14,830.8998,1198.2437,435.9654,427.5632,57.4333,36.7667
7/5/2006,15,445.8437,1080.7228,130.5063,340.0482,84.1000,61.5667
7/5/2006,16,209.5188,911.8767,2.4838,206.5702,91.7333,74.9000
7/5/2006,17,157.4660,703.2409,-0.7850,157.4660,97.5000,87.7833
7/5/2006,18,68.6211,469.1364,0.6799,68.6211,97.7333,83.4667
7/5/2006,19,46.0348,226.0756,-1.3505,46.0348,87.1167,60.2333
7/5/2006,20,1.0954,25.1226,-0.3525,1.6158,1.3833,-0.0833
7/5/2006,21,-2.5622,0.0000,0.3545,-1.9534,-1.0000,-1.0000
7/5/2006,22,-3.5360,0.0000,0.1107,-2.7343,-1.0000,-1.0000
7/5/2006,23,-2.9762,0.0000,0.4566,-2.3549,-1.0000,-1.0000
7/6/2006,0,-2.4123,0.0000,1.1903,-1.8522,-1.0000,-1.0000
7/6/2006,1,-2.4810,0.0000,0.3186,-1.8811,-1.0000,-1.0000
7/6/2006,2,-3.7476,0.0000,0.1589,-2.8070,-1.0000,-1.0000
7/6/2006,3,-3.0834,0.0000,0.3632,-2.2923,-1.0000,-1.0000
7/6/2006,4,-3.6937,0.0000,-0.0788,-2.7256,-1.0000,-1.0000
7/6/2006,5,3.4520,10.5879,14.3417,4.7431,-1.0000,-1.0000
7/6/2006,6,88.9642,186.0198,106.7241,83.2659,83.5000,59.4667
7/6/2006,7,144.8158,428.7043,27.3621,142.3867,98.7667,92.3667
7/6/2006,8,450.4122,665.4732,511.4261,199.5136,52.5333,28.2167
7/6/2006,9,660.8812,879.3549,732.1638,181.0569,18.6667,9.8500
7/6/2006,10,606.5670,1055.6320,356.8445,328.8669,65.8000,39.7667
7/6/2006,11,455.6810,1182.2426,29.0943,447.4215,98.9000,76.3500
7/6/2006,12,664.1858,1250.5345,189.0377,486.6955,93.3333,67.8167
7/6/2006,13,253.2533,1255.8392,21.8942,227.2881,93.7833,76.0833
7/6/2006,14,61.2069,1197.7866,-8.9257,61.5238,93.5833,55.5333
7/6/2006,15,37.8266,1080.3305,-1.4633,37.7857,98.2167,63.4167
7/6/2006,16,168.1146,911.4818,1.3194,165.5537,97.0667,83.5000
7/6/2006,17,310.3710,702.7761,152.9694,246.5171,87.6167,69.6667
7/6/2006,18,218.5964,468.5392,101.8518,182.7570,89.1000,73.1333
7/6/2006,19,34.7589,225.2974,18.1583,33.8372,50.9167,32.8000
7/6/2006,20,0.4356,24.6930,7.1649,1.8245,3.8333,2.3000
7/6/2006,21,-4.0965,0.0000,1.0370,-2.9209,-1.0000,-1.0000
7/6/2006,22,-2.9094,0.0000,1.2542,-2.3035,-1.0000,-1.0000
7/6/2006,23,-2.9542,0.0000,1.1608,-2.3595,-1.0000,-1.0000
7/7/2006,0,-1.8962,0.0000,1.3057,-1.6163,-1.0000,-1.0000
7/7/2006,1,-3.1001,0.0000,0.5691,-2.3151,-1.0000,-1.0000
7/7/2006,2,-3.2013,0.0000,0.1786,-2.2985,-1.0000,-1.0000
7/7/2006,3,-3.6606,0.0000,0.6578,-2.5799,-1.0000,-1.0000
7/7/2006,4,-3.9193,0.0000,0.5493,-2.9480,-1.0000,-1.0000
7/7/2006,5,0.4475,9.9241,45.7760,3.1641,-1.0000,-1.0000
7/7/2006,6,92.6473,183.8611,526.5492,54.7987,-0.0500,-0.0500
7/7/2006,7,276.8143,426.7065,765.4578,67.7296,0.0000,0.0000
7/7/2006,8,476.2603,663.6993,861.8572,64.2824,0.0000,0.0000
7/7/2006,9,665.5292,877.8314,900.4473,69.0596,0.3500,0.3500
7/7/2006,10,835.0963,1054.3662,933.0252,78.4221,2.1833,1.6667
7/7/2006,11,705.3205,1181.2238,540.5820,220.2918,47.7667,36.6167
7/7/2006,12,601.4182,1249.7339,140.3837,457.9359,91.0333,74.0833
7/7/2006,13,326.5850,1255.2127,39.0496,270.8779,96.5500,80.4333
7/7/2006,14,401.7942,1197.2782,20.0140,385.9706,92.9833,70.8667
7/7/2006,15,362.8453,1079.8748,22.3939,346.1457,97.5333,82.5500
7/7/2006,16,196.3788,911.0101,0.2168,196.3788,98.9667,90.1500
7/7/2006,17,344.9687,702.2203,326.0050,203.7947,74.3667,56.8167
7/7/2006,18,294.9410,467.8372,377.5372,166.3125,54.8167,40.5833
7/7/2006,19,80.8406,224.4025,-1.9398,81.1468,89.0833,79.6167
7/7/2006,20,-0.9266,24.2069,-4.0925,-0.7588,10.4167,10.0000
7/7/2006,21,0.0359,0.0000,0.2500,0.2392,-1.0000,-1.0000
7/7/2006,22,0.6355,0.0000,1.5544,0.8945,-1.0000,-1.0000
7/7/2006,23,2.8572,0.0000,3.3388,2.8531,-1.0000,-1.0000
7/8/2006,0,2.9668,0.0000,2.4740,2.5781,-1.0000,-1.0000
7/8/2006,1,2.3990,0.0000,1.5381,1.0849,-1.0000,-1.0000
7/8/2006,2,0.5920,0.0000,-0.6547,-0.9503,-1.0000,-1.0000
7/8/2006,3,-1.8602,0.0000,0.1151,-2.1494,-1.0000,-1.0000
7/8/2006,4,-0.2229,0.0000,0.7646,-1.2365,-1.0000,-1.0000
7/8/2006,5,2.1815,9.2741,1.2216,1.3637,-1.0000,-1.0000
7/8/2006,6,14.6850,181.6353,1.5539,14.6549,64.8500,46.4000
7/8/2006,7,49.8464,424.6525,0.0186,49.8464,96.8333,89.8333
7/8/2006,8,116.0667,661.8794,1.0916,116.0667,99.5333,96.0833
7/8/2006,9,113.1300,876.2695,-1.8033,113.1170,98.1167,78.5333
7/8/2006,10,127.1296,1053.0665,1.5462,126.9714,97.1333,64.7333
7/8/2006,11,79.3850,1180.1715,0.3534,79.3131,88.5000,43.9667
7/8/2006,12,119.8659,1248.8967,1.3587,119.8653,93.7833,59.0167
7/8/2006,13,248.8445,1254.5432,2.8395,248.8445,98.6833,77.2500
7/8/2006,14,128.9241,1196.7169,0.7647,128.9241,96.2667,59.4333
7/8/2006,15,199.0413,1079.3545,1.7060,199.0413,99.2667,75.6500
7/8/2006,16,152.4285,910.4602,2.4581,152.4285,99.5833,86.0167
7/8/2006,17,135.7821,701.5724,2.5769,135.7821,99.4000,92.1667
7/8/2006,18,71.2593,467.0295,-0.7654,71.2469,98.1667,88.7333
7/8/2006,19,22.2176,223.3905,0.1078,22.1706,87.0167,60.0500
7/8/2006,20,0.9481,23.6798,0.8537,0.8911,2.2000,0.9500
7/8/2006,21,-1.2746,0.0000,1.6132,-1.2914,-1.0000,-1.0000
7/8/2006,22,-0.9630,0.0000,2.2215,-1.1150,-1.0000,-1.0000
7/8/2006,23,-0.6358,0.0000,1.7271,-0.9236,-1.0000,-1.0000
7/9/2006,0,-0.2590,0.0000,0.1983,-0.2287,-1.0000,-1.0000
7/9/2006,1,-0.0447,0.0000,0.2015,-0.0412,-1.0000,-1.0000
7/9/2006,2,-0.0951,0.0000,0.3896,0.0016,-1.0000,-1.0000
7/9/2006,3,-0.1274,0.0000,0.5679,0.0821,-1.0000,-1.0000
7/9/2006,4,0.0000,0.0000,1.5628,-0.0383,-1.0000,-1.0000
7/9/2006,5,0.6473,8.6199,1.5661,0.5602,-1.0000,-1.0000
7/9/2006,6,11.6528,179.3440,1.3828,11.6480,71.7500,48.9000
7/9/2006,7,43.8348,422.5435,1.6349,43.8348,97.6000,87.6333
7/9/2006,8,64.8854,660.0143,1.6908,64.8676,99.2333,91.2167
7/9/2006,9,96.5348,874.6696,2.0180,96.4829,99.2167,79.4500
7/9/2006,10,123.4437,1051.7326,0.2396,123.3956,98.3000,68.1000
7/9/2006,11,140.9947,1179.0850,-0.1515,140.9947,91.2542,48.6610
7/9/2006,12,120.7013,1248.0219,-0.9380,120.6878,94.5833,58.9833
7/9/2006,13,170.7947,1253.8294,0.2687,170.7947,95.7458,62.8305
7/9/2006,14,214.8890,1196.1014,2.3157,214.8890,94.8500,53.0667
7/9/2006,15,147.3042,1078.7679,0.2802,147.3041,98.5667,67.6667
7/9/2006,16,128.9722,909.8309,0.3294,128.9686,99.2000,77.0333
7/9/2006,17,116.0449,700.8310,2.4959,116.0449,99.4000,88.0167
7/9/2006,18,78.8883,466.1152,1.7309,78.8883,97.6167,81.3667
7/9/2006,19,33.1978,222.2608,1.3416,33.1821,61.9333,48.8000
7/9/2006,20,0.5751,23.1012,2.1968,0.4612,0.8000,0.2000
7/9/2006,21,-0.1558,0.0000,2.2210,-0.2170,-1.0000,-1.0000
7/9/2006,22,-0.6334,0.0000,0.6596,-0.7720,-1.0000,-1.0000
7/9/2006,23,-0.4566,0.0000,2.1821,-0.7364,-1.0000,-1.0000
7/10/2006,0,-0.3913,0.0000,2.2127,-0.6805,-1.0000,-1.0000
7/10/2006,1,-0.6675,0.0000,1.6046,-0.8659,-1.0000,-1.0000
7/10/2006,2,-1.8033,0.0000,1.2530,-1.6817,-1.0000,-1.0000
7/10/2006,3,-2.9024,0.0000,0.3967,-2.6207,-1.0000,-1.0000
7/10/2006,4,-2.9799,0.0000,0.9681,-2.6575,-1.0000,-1.0000
7/10/2006,5,0.7685,7.9698,25.8737,1.7894,-1.0000,-1.0000
7/10/2006,6,105.7034,176.9886,503.3748,59.7722,0.1667,0.0333
7/10/2006,7,264.3548,420.3806,650.1143,111.9377,7.9167,2.7333
7/10/2006,8,280.9157,658.1048,373.7862,131.8565,21.2500,14.7333
7/10/2006,9,678.8222,873.0319,796.6893,162.4065,14.1167,7.9667
7/10/2006,10,731.0872,1050.3642,556.1773,260.8832,31.9167,6.9833
7/10/2006,11,957.1790,1177.9640,855.0650,172.3651,6.0167,1.4500
7/10/2006,12,1039.4743,1247.1090,902.5293,159.4876,6.7167,1.8333
7/10/2006,13,1026.1615,1253.0702,913.9302,131.8021,3.2667,1.9167
7/10/2006,14,958.8838,1195.4307,886.0277,139.1814,3.6250,1.7143
7/10/2006,15,795.1925,1078.1143,752.6537,168.5205,9.1500,4.9333
7/10/2006,16,434.2338,909.1209,370.9663,171.5684,32.8000,24.9667
7/10/2006,17,313.9007,699.9953,153.9231,240.7297,75.1667,60.2667
7/10/2006,18,298.9000,465.0934,456.0713,166.3736,51.3167,24.7833
7/10/2006,19,105.1687,221.0130,203.3508,91.1569,42.0667,14.5833
7/10/2006,20,-0.8999,22.4702,-0.7089,1.4179,0.4333,-0.0333
7/10/2006,21,-3.4747,0.0000,0.5189,-2.4683,-1.0000,-1.0000
7/10/2006,22,-3.4611,0.0000,-0.2165,-2.4132,-1.0000,-1.0000
7/10/2006,23,-2.8728,0.0000,0.2711,-2.1735,-1.0000,-1.0000
7/11/2006,0,-2.4357,0.0000,0.7082,-1.7295,-1.0000,-1.0000
7/11/2006,1,-3.7072,0.0000,0.2807,-2.7792,-1.0000,-1.0000
7/11/2006,2,-3.0906,0.0000,0.6805,-2.2955,-1.0000,-1.0000
7/11/2006,3,-1.9851,0.0000,0.5336,-1.4543,-1.0000,-1.0000
7/11/2006,4,-2.1487,0.0000,0.4049,-1.5263,-1.0000,-1.0000
7/11/2006,5,1.4184,7.3365,19.4891,2.6698,-1.0000,-1.0000
7/11/2006,6,64.7668,174.5703,193.8118,60.0833,50.8667,25.7333
7/11/2006,7,164.0800,418.1645,70.9018,136.6189,61.8500,44.5667
7/11/2006,8,489.8773,656.1514,778.7450,120.5062,14.4333,9.4333
7/11/2006,9,658.5017,871.3568,869.0413,93.9759,1.7833,1.2333
7/11/2006,10,907.5417,1048.9615,886.8303,206.0770,22.8000,11.6000
7/11/2006,11,616.2195,1176.8081,307.2464,343.5510,72.1333,47.1167
7/11/2006,12,328.8960,1246.1570,84.1878,236.8450,83.9667,62.5667
7/11/2006,13,760.9887,1252.2645,358.9150,404.3561,62.1000,41.2833
7/11/2006,14,1025.3885,1194.7039,720.8806,357.0703,47.6667,26.4667
7/11/2006,15,528.2002,1077.3922,231.7491,322.0696,63.1667,47.8333
7/11/2006,16,497.4615,908.3293,325.3463,280.4365,62.3000,48.6333
7/11/2006,17,249.5454,699.0644,200.8828,149.2349,66.9333,51.4167
7/11/2006,18,47.9330,463.9637,0.3415,47.9330,86.0167,57.0833
7/11/2006,19,32.4863,219.6469,6.2074,32.4131,80.9500,68.8500
7/11/2006,20,-0.0424,21.8071,7.5512,0.8088,0.3333,-0.0333
7/11/2006,21,-2.4168,0.0000,0.6250,-1.8592,-1.0000,-1.0000
7/11/2006,22,-2.4747,0.0000,0.4076,-1.7862,-1.0000,-1.0000
7/11/2006,23,-3.6526,0.0000,0.3173,-2.9051,-1.0000,-1.0000
7/12/2006,0,-4.5473,0.0000,0.3745,-3.4694,-1.0000,-1.0000
7/12/2006,1,-5.2058,0.0000,-0.1318,-4.0037,-1.0000,-1.0000
7/12/2006,2,-3.5014,0.0000,0.7788,-2.4923,-1.0000,-1.0000
7/12/2006,3,-3.6202,0.0000,0.2081,-2.7563,-1.0000,-1.0000
7/12/2006,4,-5.9715,0.0000,-0.1547,-4.7126,-1.0000,-1.0000
7/12/2006,5,-0.7845,6.7090,24.0637,1.2388,-1.0000,-1.0000
7/12/2006,6,84.2407,172.0908,434.2140,55.7955,1.2833,0.8000
7/12/2006,7,263.0340,415.8964,702.4417,76.9030,0.8167,0.8000
7/12/2006,8,467.8300,654.1549,849.6698,71.7032,0.0667,0.0667
7/12/2006,9,663.4937,869.6446,911.5215,72.2451,0.2000,0.2000
7/12/2006,10,849.0923,1047.5243,927.6485,102.1717,6.5893,3.9286
7/12/2006,11,962.9878,1175.6171,873.3707,166.0522,16.8500,9.1667
7/12/2006,12,745.5172,1245.1656,522.4794,232.9273,37.3833,27.4333
7/12/2006,13,513.4035,1251.4123,200.6507,318.9760,74.1667,59.5333
7/12/2006,14,327.2130,1193.9198,52.8184,272.1240,84.1500,62.1000
7/12/2006,15,635.7777,1076.6008,417.9717,271.8702,42.3000,28.9167
7/12/2006,16,650.8033,907.4552,669.4757,184.8903,30.1167,18.0000
7/12/2006,17,322.9877,698.0376,299.1496,167.6880,47.9000,33.8667
7/12/2006,18,152.9921,462.7253,250.8928,90.8018,20.1071,14.3571
7/12/2006,19,71.4511,218.1621,293.4619,53.1790,11.5667,8.4167
7/12/2006,20,-3.3801,21.0921,18.4816,-0.1967,-0.2000,-0.3167
7/12/2006,21,-5.1836,0.0000,-0.0883,-3.7016,-1.0000,-1.0000
7/12/2006,22,-4.2752,0.0000,-0.2210,-3.0845,-1.0000,-1.0000
7/12/2006,23,-3.2475,0.0000,0.1185,-2.3942,-1.0000,-1.0000
7/13/2006,0,-3.4785,0.0000,0.0508,-2.4314,-1.0000,-1.0000
7/13/2006,1,-4.3897,0.0000,-0.1507,-3.1364,-1.0000,-1.0000
7/13/2006,2,-4.3369,0.0000,-0.3687,-3.1012,-1.0000,-1.0000
7/13/2006,3,-4.5989,0.0000,-0.1569,-3.2364,-1.0000,-1.0000
7/13/2006,4,-3.8220,0.0000,0.0974,-2.6742,-1.0000,-1.0000
7/13/2006,5,-2.2853,6.0908,12.6941,-0.4534,-1.0000,-1.0000
7/13/2006,6,72.8144,169.5514,329.7401,45.9226,0.9667,0.9667
7/13/2006,7,256.1717,413.5772,659.2150,86.2133,0.9667,0.9667
7/13/2006,8,456.3670,652.1159,779.3738,98.6691,0.0667,0.0667
7/13/2006,9,654.1790,867.8958,857.6705,102.3524,0.3000,0.3000
7/13/2006,10,830.2668,1046.0529,893.1938,116.5116,0.5167,0.5167
7/13/2006,11,950.5417,1174.3907,897.2468,135.5976,0.5167,0.5167
7/13/2006,12,1023.4998,1244.1342,909.4423,145.9785,1.3000,1.1667
7/13/2006,13,1021.2437,1250.5121,901.9475,148.7123,0.3667,0.3167
7/13/2006,14,974.8120,1193.0779,866.0737,177.6811,4.3000,2.0000
7/13/2006,15,696.4608,1075.7394,623.7710,180.8640,10.1833,6.4333
7/13/2006,16,629.4410,906.4978,682.3926,164.3448,15.3833,9.4167
7/13/2006,17,181.5712,696.9143,76.0188,143.3145,51.1167,36.7667
7/13/2006,18,65.6872,461.3779,-0.0746,65.6872,44.2167,30.7500
7/13/2006,19,69.4396,216.5585,288.5456,50.8356,25.9167,16.7167
7/13/2006,20,-1.2814,20.3480,14.8767,1.5605,0.8333,0.6167
7/13/2006,21,-6.0665,0.0000,-0.3177,-4.4562,-1.0000,-1.0000
7/13/2006,22,-4.6629,0.0000,0.0564,-3.4696,-1.0000,-1.0000
7/13/2006,23,-4.2605,0.0000,0.0175,-3.1334,-1.0000,-1.0000
7/14/2006,0,-4.1635,0.0000,0.1850,-2.9970,-1.0000,-1.0000
7/14/2006,1,-4.1795,0.0000,-0.0890,-3.0548,-1.0000,-1.0000
7/14/2006,2,-4.5949,0.0000,-0.4351,-3.4123,-1.0000,-1.0000
7/14/2006,3,-5.2981,0.0000,-0.9951,-3.7098,-1.0000,-1.0000
7/14/2006,4,-3.7679,0.0000,0.5025,-2.9244,-1.0000,-1.0000
7/14/2006,5,-1.1957,5.4999,14.3638,0.5062,-1.0000,-1.0000
7/14/2006,6,72.4794,166.9534,339.3628,52.0824,0.8167,0.8167
7/14/2006,7,251.9575,411.2082,653.7225,82.2656,1.1333,1.1333
7/14/2006,8,464.6263,650.0354,818.1387,87.4257,0.2167,0.2167
7/14/2006,9,658.1543,866.1108,877.2788,93.6167,0.2833,0.2833
7/14/2006,10,834.2707,1044.5476,913.7077,103.5310,0.1833,0.1833
7/14/2006,11,958.6583,1173.1289,927.7402,113.5521,0.0000,0.0000
7/14/2006,12,1020.5600,1243.0627,929.5560,120.1732,1.2667,1.1833
7/14/2006,13,1021.8365,1249.5642,918.6413,128.8021,1.8333,1.4667
7/14/2006,14,966.5832,1192.1776,909.9128,124.9626,0.1000,0.0333
7/14/2006,15,846.1345,1074.8075,883.3438,117.2377,0.0000,0.0000
7/14/2006,16,678.1343,905.4567,835.3785,112.4377,0.6167,0.2000
7/14/2006,17,490.7168,695.6938,751.6427,117.7774,4.3833,2.5500
7/14/2006,18,240.4112,459.9212,425.6454,110.8445,13.2667,8.3167
7/14/2006,19,94.5884,214.8359,307.9074,67.7620,17.1000,10.8500
7/14/2006,20,2.8837,19.5590,-0.0601,3.9417,2.7167,1.9833
7/14/2006,21,-6.4298,0.0000,-0.3264,-4.7958,-1.0000,-1.0000
7/14/2006,22,-5.3559,0.0000,0.4174,-4.2519,-1.0000,-1.0000
7/14/2006,23,-5.9983,0.0000,0.2694,-4.8300,-1.0000,-1.0000
7/15/2006,0,-6.0421,0.0000,0.4704,-4.4186,-1.0000,-1.0000
7/15/2006,1,-5.8108,0.0000,1.1491,-4.6358,-1.0000,-1.0000
7/15/2006,2,-5.6812,0.0000,0.9803,-4.7941,-1.0000,-1.0000
7/15/2006,3,-4.1819,0.0000,0.2063,-3.2041,-1.0000,-1.0000
7/15/2006,4,-4.8677,0.0000,-0.1464,-3.6109,-1.0000,-1.0000
7/15/2006,5,-1.1945,4.9241,13.7668,0.4256,-1.0000,-1.0000
7/15/2006,6,72.1882,164.2983,349.3322,51.2021,1.3667,1.3500
7/15/2006,7,255.5042,408.7903,674.2955,81.2026,1.0000,1.0000
7/15/2006,8,460.0783,647.9142,814.2032,85.0222,0.1333,0.1333
7/15/2006,9,655.7127,864.2905,874.3027,93.5196,0.4500,0.4500
7/15/2006,10,832.1032,1043.0087,905.9860,110.8864,2.8500,1.5667
7/15/2006,11,961.4665,1171.8320,922.1467,125.1458,4.4667,2.6167
7/15/2006,12,1025.4645,1241.9512,921.7973,137.5545,4.0667,2.3000
7/15/2006,13,1026.9833,1248.5680,905.8478,147.7505,4.4833,2.2833
7/15/2006,14,964.8697,1191.2186,895.6720,139.9888,2.1500,1.0000
7/15/2006,15,800.4760,1073.8046,795.9478,147.4785,4.4667,1.5833
7/15/2006,16,691.3450,904.3313,807.1497,150.2863,5.4667,2.8333
7/15/2006,17,458.3545,694.3758,660.8938,129.3786,8.4500,5.6333
7/15/2006,18,274.8653,458.3546,610.5187,98.2593,5.7500,3.0000
7/15/2006,19,74.5103,212.9943,218.3406,49.4976,8.2000,4.7667
7/15/2006,20,0.7192,18.7478,0.2022,1.8087,0.4167,0.1333
7/15/2006,21,-5.2669,0.0000,-0.0415,-4.1552,-1.0000,-1.0000
7/15/2006,22,-5.9720,0.0000,-0.0810,-4.6735,-1.0000,-1.0000
7/15/2006,23,-3.9900,0.0000,0.3530,-3.1063,-1.0000,-1.0000
7/16/2006,0,-6.1284,0.0000,0.3850,-4.7924,-1.0000,-1.0000
7/16/2006,1,-4.1814,0.0000,-0.0129,-3.3091,-1.0000,-1.0000
7/16/2006,2,-4.4934,0.0000,-0.4715,-3.3627,-1.0000,-1.0000
7/16/2006,3,-4.7577,0.0000,-0.2183,-3.5260,-1.0000,-1.0000
7/16/2006,4,-4.6496,0.0000,-0.2472,-3.4986,-1.0000,-1.0000
7/16/2006,5,-2.3130,4.3661,12.0003,-0.5415,-1.0000,-1.0000
7/16/2006,6,72.2078,161.5875,354.9750,51.0204,1.2167,1.2167
7/16/2006,7,255.7882,406.3246,675.4407,83.2368,1.0667,1.0667
7/16/2006,8,459.6805,645.7532,817.7280,85.2503,0.3667,0.3667
7/16/2006,9,660.7885,862.4354,883.1403,92.7461,0.4167,0.4167
7/16/2006,10,834.3447,1041.4369,923.7130,100.2837,1.0000,0.8500
7/16/2006,11,961.5172,1170.5004,934.1305,115.7882,3.4333,1.9167
7/16/2006,12,1023.2657,1240.7996,927.9050,128.7043,5.0500,3.3167
7/16/2006,13,1023.9188,1247.5237,923.9770,128.6934,2.4667,1.4000
7/16/2006,14,947.3000,1190.2007,865.7147,148.8916,2.7167,1.3167
7/16/2006,15,775.3070,1072.7302,737.0027,181.3002,9.3833,4.6500
7/16/2006,16,668.2502,903.1211,727.4985,175.4072,11.4667,6.0000
7/16/2006,17,475.3413,692.9599,667.5565,155.2398,12.3500,5.1500
7/16/2006,18,196.1168,456.6782,312.8805,94.2887,19.7000,12.9833
7/16/2006,19,22.6190,211.0336,20.9071,22.6367,45.2333,26.4167
7/16/2006,20,-1.4032,17.8972,3.4251,-0.5410,0.8667,0.4000
7/16/2006,21,-5.7489,0.0000,-0.5128,-4.4540,-1.0000,-1.0000
7/16/2006,22,-4.1320,0.0000,-0.4109,-3.1295,-1.0000,-1.0000
7/16/2006,23,-4.2754,0.0000,0.0077,-3.2193,-1.0000,-1.0000
7/17/2006,0,-5.1849,0.0000,-0.3157,-3.7294,-1.0000,-1.0000
7/17/2006,1,-3.2738,0.0000,0.6486,-2.4931,-1.0000,-1.0000
7/17/2006,2,-2.7832,0.0000,0.3508,-2.1315,-1.0000,-1.0000
7/17/2006,3,-3.2155,0.0000,-0.2012,-2.2584,-1.0000,-1.0000
7/17/2006,4,-3.9471,0.0000,0.1331,-2.9047,-1.0000,-1.0000
7/17/2006,5,-2.7725,3.8289,1.6541,-1.3622,-1.0000,-1.0000
7/17/2006,6,27.5610,158.8228,3.8545,27.6413,23.1667,16.1667
7/17/2006,7,266.5603,403.8128,348.8740,177.9222,69.0500,35.9833
7/17/2006,8,505.7883,643.5538,519.7507,277.2407,66.5167,32.4000
7/17/2006,9,547.2303,860.5467,467.1492,232.0499,33.7833,17.6333
7/17/2006,10,792.3203,1039.8328,730.8250,202.3522,8.6441,4.3390
7/17/2006,11,937.0375,1169.1343,813.9613,199.8662,2.4500,1.3000
7/17/2006,12,995.5708,1239.6082,845.5113,179.2644,2.3833,1.6833
7/17/2006,13,1002.4082,1246.4310,814.0762,209.1554,8.5500,4.2500
7/17/2006,14,739.3137,1189.1237,418.1234,352.1493,34.6000,14.2167
7/17/2006,15,535.0077,1071.5843,212.4790,346.6097,57.9833,37.1333
7/17/2006,16,296.9722,901.8263,11.4979,294.3151,96.5667,80.6333
7/17/2006,17,201.1847,691.4460,1.9129,201.1847,95.7500,79.3333
7/17/2006,18,124.2724,454.8915,0.5505,124.2724,95.5357,74.7321
7/17/2006,19,30.5467,208.9539,43.0128,29.9741,96.0833,83.5500
7/17/2006,20,1.2085,17.0310,1.1717,1.6426,6.9167,6.4000
7/17/2006,21,-2.8597,0.0000,0.4597,-2.2657,-1.0000,-1.0000
7/17/2006,22,-3.1631,0.0000,-1.4160,-2.6005,-1.0000,-1.0000
7/17/2006,23,-2.2559,0.0000,-0.5039,-1.5753,-1.0000,-1.0000
7/18/2006,0,-1.6781,0.0000,1.8507,-1.4448,-1.0000,-1.0000
7/18/2006,1,-3.8345,0.0000,0.1178,-3.0443,-1.0000,-1.0000
7/18/2006,2,-5.4427,0.0000,0.4637,-4.1008,-1.0000,-1.0000
7/18/2006,3,-4.5641,0.0000,1.1877,-3.5466,-1.0000,-1.0000
7/18/2006,4,-4.5352,0.0000,1.0209,-3.6788,-1.0000,-1.0000
7/18/2006,5,-3.8815,3.3271,1.3219,-2.8854,-1.0000,-1.0000
7/18/2006,6,53.8664,156.0058,190.1473,40.0075,2.1167,1.1000
7/18/2006,7,231.7797,401.2559,558.4638,92.8775,2.4068,1.4407
7/18/2006,8,434.4137,641.3170,704.8547,114.3485,1.9833,1.0000
7/18/2006,9,630.8865,858.6252,789.5490,126.7497,1.0167,1.0000
7/18/2006,10,798.7700,1038.1971,839.1062,135.4379,0.5667,0.5667
7/18/2006,11,925.8347,1167.7345,865.0585,146.8882,1.1333,0.9667
7/18/2006,12,809.5433,1238.3773,633.8914,194.7116,16.6000,12.1333
7/18/2006,13,138.2670,1245.2903,-1.5463,137.2929,83.7167,68.9667
7/18/2006,14,55.1668,1187.9876,-0.9180,55.1668,96.4500,71.7333
7/18/2006,15,56.1380,1070.3665,0.3077,56.1380,99.4167,84.8333
7/18/2006,16,109.1549,900.4461,-0.0604,109.1549,99.6333,93.3167
7/18/2006,17,118.0348,689.8337,-0.1418,118.0348,98.7500,93.9000
7/18/2006,18,143.3270,452.9945,7.0636,143.3112,98.0833,87.8333
7/18/2006,19,48.3605,206.7551,-0.4003,48.3605,71.6500,41.8833
7/18/2006,20,-1.3569,16.1385,-0.1158,-0.5820,-0.5000,-0.7167
7/18/2006,21,-3.7052,0.0000,0.3390,-2.8607,-1.0000,-1.0000
7/18/2006,22,-3.4877,0.0000,0.4774,-2.7398,-1.0000,-1.0000
7/18/2006,23,-4.0393,0.0000,-0.0300,-3.0870,-1.0000,-1.0000
7/19/2006,0,-3.8117,0.0000,0.3559,-2.7827,-1.0000,-1.0000
7/19/2006,1,-4.0333,0.0000,0.2401,-2.8406,-1.0000,-1.0000
7/19/2006,2,-3.9445,0.0000,0.3171,-2.7071,-1.0000,-1.0000
7/19/2006,3,-3.7248,0.0000,0.3927,-2.5987,-1.0000,-1.0000
7/19/2006,4,-3.6511,0.0000,0.1145,-2.7338,-1.0000,-1.0000
7/19/2006,5,-2.1636,2.8513,3.1765,-0.8497,-1.0000,-1.0000
7/19/2006,6,66.9284,153.1387,314.1858,49.3727,0.9333,0.9333
7/19/2006,7,239.9975,398.6556,613.1648,87.2868,1.2167,1.0000
7/19/2006,8,438.3248,639.0442,745.5018,100.3798,0.9833,0.5167
7/19/2006,9,622.9890,856.6721,805.9362,108.8050,0.6167,0.6167
7/19/2006,10,803.7518,1036.5307,853.5972,126.4879,2.2833,1.5833
7/19/2006,11,877.4353,1166.3014,735.2845,216.2896,20.2500,12.8667
7/19/2006,12,928.3187,1237.1072,676.1426,273.4404,32.6500,21.4667
7/19/2006,13,925.8417,1244.1013,720.0056,226.7505,20.5500,12.0333
7/19/2006,14,508.7285,1186.7919,126.9029,379.1506,74.7000,51.8833
7/19/2006,15,315.3932,1069.0766,43.3040,278.5684,89.8833,72.3833
7/19/2006,16,111.9669,898.9803,-2.2250,111.9669,98.2333,85.1000
7/19/2006,17,115.6658,688.1226,-2.5075,115.6658,98.3167,86.6500
7/19/2006,18,92.6166,450.9869,-0.8381,92.6166,97.9000,86.6333
7/19/2006,19,57.0105,204.4374,-0.1125,57.0105,89.9000,67.6667
7/19/2006,20,1.1811,15.2220,0.0635,1.6263,-0.0333,-0.6667
7/19/2006,21,-2.1111,0.0000,1.0664,-1.6610,-1.0000,-1.0000
7/19/2006,22,-3.9779,0.0000,-0.1395,-3.1150,-1.0000,-1.0000
7/19/2006,23,-3.7405,0.0000,0.4484,-2.8845,-1.0000,-1.0000
7/20/2006,0,-3.4323,0.0000,0.2793,-2.6933,-1.0000,-1.0000
7/20/2006,1,-3.2780,0.0000,0.3783,-2.5426,-1.0000,-1.0000
7/20/2006,2,-3.1891,0.0000,0.4242,-2.4450,-1.0000,-1.0000
7/20/2006,3,-2.5806,0.0000,0.2906,-1.9143,-1.0000,-1.0000
7/20/2006,4,-1.7756,0.0000,0.6718,-1.3521,-1.0000,-1.0000
7/20/2006,5,-0.9294,2.4036,0.4691,-0.5504,-1.0000,-1.0000
7/20/2006,6,18.9268,150.2231,4.4282,18.9902,9.4000,6.6500
7/20/2006,7,93.7716,396.0136,100.5322,59.5111,17.4500,12.2833
7/20/2006,8,453.6517,636.7368,658.3723,155.0555,20.1071,10.8393
7/20/2006,9,597.0835,854.6884,511.6771,238.7152,32.4833,20.5667
7/20/2006,10,804.4718,1034.8346,850.8700,128.1576,4.3833,2.4667
7/20/2006,11,707.3698,1164.8354,394.9307,331.4787,37.4833,22.4000
7/20/2006,12,537.6127,1235.7980,193.7591,340.6470,71.5500,49.1000
7/20/2006,13,413.5450,1242.8641,59.3910,353.1296,90.2333,65.4833
7/20/2006,14,120.3381,1185.5368,-5.0889,120.3381,93.4833,56.8667
7/20/2006,15,237.1280,1067.7142,3.0174,237.0892,96.9500,80.0000
7/20/2006,16,61.1840,897.4285,-2.8601,61.1563,97.3833,75.7833
7/20/2006,17,56.2353,686.3124,3.8592,56.2353,97.7333,84.0333
7/20/2006,18,32.4774,448.8682,4.1674,32.2321,96.6000,78.7833
7/20/2006,19,68.7413,202.0007,47.4186,63.2255,81.3667,50.8833
7/20/2006,20,1.4858,14.3035,-0.0250,2.0358,-0.2500,-0.6500
7/20/2006,21,-2.0320,0.0000,0.9760,-1.3927,-1.0000,-1.0000
7/20/2006,22,-1.2499,0.0000,1.7225,-1.1672,-1.0000,-1.0000
7/20/2006,23,-4.3459,0.0000,-2.2423,-2.8704,-1.0000,-1.0000
7/21/2006,0,-3.3824,0.0000,0.8466,-2.4118,-1.0000,-1.0000
7/21/2006,1,-1.4015,0.0000,1.3703,-1.1616,-1.0000,-1.0000
7/21/2006,2,-1.3926,0.0000,-0.1848,-1.1323,-1.0000,-1.0000
7/21/2006,3,-1.5131,0.0000,-0.7171,-0.9082,-1.0000,-1.0000
7/21/2006,4,-0.5376,0.0000,0.3989,-0.2417,-1.0000,-1.0000
7/21/2006,5,-0.0342,1.9868,1.0015,0.3767,-1.0000,-1.0000
7/21/2006,6,54.1498,147.2614,41.1128,52.4836,52.3667,40.2500
7/21/2006,7,105.3669,393.3312,5.9314,104.6291,92.3333,78.7833
7/21/2006,8,236.5847,634.3959,92.2048,194.8785,85.1607,67.4107
7/21/2006,9,577.4873,852.6753,449.5911,271.2793,38.5500,25.7000
7/21/2006,10,821.6237,1033.1090,805.4938,185.3258,8.7667,5.0000
7/21/2006,11,888.8583,1163.3370,735.8687,209.0091,6.1167,3.5167
7/21/2006,12,949.7013,1234.4498,737.2599,230.7587,14.3000,7.6833
7/21/2006,13,1004.7065,1241.5785,774.3380,259.4442,22.9333,12.8833
7/21/2006,14,960.2127,1184.2215,780.2802,253.4077,15.7667,7.8833
7/21/2006,15,646.6532,1066.2787,510.3797,234.0732,25.6167,13.7833
7/21/2006,16,616.6135,895.7901,579.5406,225.4470,21.6500,13.3833
7/21/2006,17,285.5660,684.4025,130.8159,218.1134,67.7833,50.6333
7/21/2006,18,58.4867,446.6383,-1.9907,58.4867,96.9500,84.9500
7/21/2006,19,26.2918,199.4449,0.3685,26.3043,74.7167,51.9167
7/21/2006,20,-1.9297,13.3703,0.1793,-1.0436,-0.5500,-0.7667
7/21/2006,21,-3.2365,0.0000,0.7015,-2.4370,-1.0000,-1.0000
7/21/2006,22,-4.6476,0.0000,-0.2048,-3.4386,-1.0000,-1.0000
7/21/2006,23,-4.2303,0.0000,-0.1406,-3.0972,-1.0000,-1.0000
7/22/2006,0,-3.7756,0.0000,-0.0288,-2.9401,-1.0000,-1.0000
7/22/2006,1,-3.8060,0.0000,-0.1600,-2.6978,-1.0000,-1.0000
7/22/2006,2,-4.3616,0.0000,-0.3339,-3.0028,-1.0000,-1.0000
7/22/2006,3,-4.0840,0.0000,0.0149,-2.8547,-1.0000,-1.0000
7/22/2006,4,-3.6787,0.0000,0.1212,-2.6768,-1.0000,-1.0000
7/22/2006,5,-1.9592,1.6029,1.4448,-1.1377,-1.0000,-1.0000
7/22/2006,6,63.6799,144.2554,291.3331,49.9826,2.2667,1.5000
7/22/2006,7,231.3978,390.6103,584.7568,89.2374,3.6667,2.6667
7/22/2006,8,437.9015,632.0232,745.5365,100.7757,3.0333,2.0333
7/22/2006,9,637.4927,850.6335,831.1910,109.6644,0.6167,0.3667
7/22/2006,10,810.1592,1031.3550,878.6223,116.6576,0.0333,0.0333
7/22/2006,11,936.2618,1161.8062,912.4090,115.4123,0.0000,0.0000
7/22/2006,12,1003.1513,1233.0624,915.5058,124.3313,0.1667,0.1667
7/22/2006,13,998.0008,1240.2442,896.6342,136.1157,0.1333,0.1333
7/22/2006,14,942.4632,1182.8457,885.5330,133.5513,0.0000,0.0000
7/22/2006,15,826.2177,1064.7694,862.2050,126.2538,0.0000,0.0000
7/22/2006,16,660.5743,894.0644,814.0605,119.7688,0.0000,0.0000
7/22/2006,17,459.2820,682.3923,731.9215,106.4884,1.5167,0.6333
7/22/2006,18,250.2407,444.2968,578.8573,88.2322,3.1333,2.1333
7/22/2006,19,72.8015,196.7703,311.7767,50.2332,2.5667,1.8833
7/22/2006,20,-4.4561,12.4281,2.8522,-1.8477,-0.9500,-0.9500
7/22/2006,21,-5.5583,0.0000,-0.5052,-4.2775,-1.0000,-1.0000
7/22/2006,22,-5.0855,0.0000,0.1761,-3.8521,-1.0000,-1.0000
7/22/2006,23,-4.3310,0.0000,-0.0885,-3.2835,-1.0000,-1.0000
7/23/2006,0,-3.7690,0.0000,0.1502,-2.9843,-1.0000,-1.0000
7/23/2006,1,-3.8813,0.0000,0.1968,-3.0564,-1.0000,-1.0000
7/23/2006,2,-3.6278,0.0000,-0.0264,-2.7863,-1.0000,-1.0000
7/23/2006,3,-4.1018,0.0000,-0.3978,-2.7692,-1.0000,-1.0000
7/23/2006,4,-5.7708,0.0000,-0.6552,-4.2566,-1.0000,-1.0000
7/23/2006,5,-3.9411,1.2599,2.2145,-2.3923,-1.0000,-1.0000
7/23/2006,6,62.9898,141.2076,300.0159,47.7256,4.2167,2.2167
7/23/2006,7,222.8326,387.8523,535.4157,84.4747,11.9167,4.0167
7/23/2006,8,447.7010,629.6196,805.0503,87.4962,0.0000,0.0000
7/23/2006,9,644.1103,848.5640,840.2183,117.3358,0.8333,0.8333
7/23/2006,10,764.8125,1029.5725,745.7278,185.8841,1.3667,0.9500
7/23/2006,11,886.9998,1160.2434,780.0802,188.1082,0.5667,0.3333
7/23/2006,12,1008.2883,1231.6357,805.1680,239.0198,6.0667,2.6000
7/23/2006,13,972.6073,1238.8604,758.2490,235.6197,4.9667,2.3333
7/23/2006,14,864.0233,1181.4085,575.8155,331.5335,18.8333,3.1667
7/23/2006,15,677.2007,1063.1855,409.3442,329.8054,33.7333,11.2667
7/23/2006,16,383.6109,892.2505,181.3163,251.6490,76.3500,49.2333
7/23/2006,17,75.8746,680.2811,1.3054,75.9641,96.5667,83.5333
7/23/2006,18,57.7454,441.8431,-2.3638,57.7454,93.2333,64.0167
7/23/2006,19,11.3211,193.9766,3.9335,12.1744,76.2000,47.5667
7/23/2006,20,-2.3171,11.4831,0.6557,-1.4305,-0.5667,-0.6667
7/23/2006,21,-3.6799,0.0000,-0.0069,-2.4420,-1.0000,-1.0000
7/23/2006,22,-2.2787,0.0000,3.8545,-2.3093,-1.0000,-1.0000
7/23/2006,23,-3.5953,0.0000,0.3026,-2.6797,-1.0000,-1.0000
7/24/2006,0,-3.7248,0.0000,-0.0046,-2.4237,-1.0000,-1.0000
7/24/2006,1,-3.1735,0.0000,0.6232,-2.1402,-1.0000,-1.0000
7/24/2006,2,-4.0740,0.0000,0.5452,-2.7560,-1.0000,-1.0000
7/24/2006,3,-3.4205,0.0000,1.1584,-2.1895,-1.0000,-1.0000
7/24/2006,4,-2.7999,0.0000,0.6434,-1.9125,-1.0000,-1.0000
7/24/2006,5,-1.8804,0.9568,2.2329,-1.0881,-1.0000,-1.0000
7/24/2006,6,24.1347,138.1199,7.1027,24.6278,19.3500,11.8333
7/24/2006,7,120.4461,385.0588,16.8575,118.6685,84.5714,68.2857
7/24/2006,8,380.7078,627.1862,220.7033,280.3409,87.2167,69.5000
7/24/2006,9,564.2075,846.4674,357.2489,328.2045,69.0667,50.3333
7/24/2006,10,791.8583,1027.7622,835.4025,136.7154,4.4667,2.7833
7/24/2006,11,937.3723,1158.6480,876.2628,152.3836,8.8500,5.7167
7/24/2006,12,939.8765,1230.1690,682.6592,285.1057,26.9333,13.6667
7/24/2006,13,635.9547,1237.4266,261.6284,376.1050,64.9333,49.0333
7/24/2006,14,871.9872,1179.9090,546.9593,360.4520,36.9167,20.0667
7/24/2006,15,591.7790,1061.5262,307.6644,331.3015,70.8214,48.3929
7/24/2006,16,107.1936,890.3478,-2.8136,107.1936,98.0167,85.0833
7/24/2006,17,49.9728,678.0683,-1.3167,49.9728,98.9333,86.5500
7/24/2006,18,213.0269,439.2768,243.6234,146.7381,90.7667,58.0333
7/24/2006,19,33.6877,191.0642,-0.4984,33.7260,48.0167,24.5000
7/24/2006,20,-1.2775,10.5498,0.5698,-0.5892,-1.0000,-1.0000
7/24/2006,21,-3.8343,0.0000,-3.9454,-2.4828,-1.0000,-1.0000
7/24/2006,22,-1.2938,0.0000,0.4134,-0.9641,-1.0000,-1.0000
7/24/2006,23,-2.1752,0.0000,-0.4750,-1.3350,-1.0000,-1.0000
7/25/2006,0,-1.0361,0.0000,1.4250,-0.5038,-1.0000,-1.0000
7/25/2006,1,-2.2994,0.0000,0.0847,-1.4614,-1.0000,-1.0000
7/25/2006,2,-2.3797,0.0000,0.6743,-1.5691,-1.0000,-1.0000
7/25/2006,3,-2.9291,0.0000,0.1001,-1.8305,-1.0000,-1.0000
7/25/2006,4,-2.4819,0.0000,0.7586,-1.4414,-1.0000,-1.0000
7/25/2006,5,-0.9502,0.6922,1.1843,-0.2983,-1.0000,-1.0000
7/25/2006,6,43.6813,134.9944,39.1553,42.9347,57.3000,35.4333
7/25/2006,7,203.5005,382.2308,216.6101,151.2094,82.6333,57.0333
7/25/2006,8,167.5297,624.7240,9.7021,165.8014,96.5833,86.6667
7/25/2006,9,351.5342,844.3441,120.1058,270.3289,77.2712,55.4407
7/25/2006,10,696.3168,1025.9238,554.9565,256.5086,29.7667,12.3833
7/25/2006,11,734.1878,1157.0201,399.7022,371.4547,48.7667,19.3833
7/25/2006,12,632.5353,1228.6618,176.7439,460.4601,75.7167,50.1667
7/25/2006,13,501.7222,1235.9417,78.4830,424.6714,82.9167,58.2167
7/25/2006,14,390.4335,1178.3462,57.5396,331.5941,88.5167,59.8500
7/25/2006,15,134.4165,1059.7903,-1.9888,134.4165,92.6333,68.7333
7/25/2006,16,47.8507,888.3551,-2.4310,47.8507,98.1000,73.9667
7/25/2006,17,283.9233,675.7531,101.7459,241.0313,92.0833,68.2500
7/25/2006,18,169.5344,436.5974,138.5167,121.5453,82.0000,48.3833
7/25/2006,19,5.2466,188.0330,-4.8439,5.4204,68.6667,38.1333
7/25/2006,20,1.8863,9.6226,1.7541,1.5922,-1.0000,-1.0000
7/25/2006,21,-0.6686,0.0000,2.4329,-0.8277,-1.0000,-1.0000
7/25/2006,22,-1.5520,0.0000,2.5607,-1.2231,-1.0000,-1.0000
7/25/2006,23,-2.1599,0.0000,0.5302,-1.9244,-1.0000,-1.0000
7/26/2006,0,-3.1842,0.0000,1.2153,-2.7038,-1.0000,-1.0000
7/26/2006,1,-2.5314,0.0000,0.9984,-2.4980,-1.0000,-1.0000
7/26/2006,2,-4.1389,0.0000,1.4237,-2.3624,-1.0000,-1.0000
7/26/2006,3,-4.2169,0.0000,1.2577,-2.3943,-1.0000,-1.0000
7/26/2006,4,-1.9210,0.0000,1.4532,-1.4434,-1.0000,-1.0000
7/26/2006,5,-1.5722,0.4678,3.0091,-0.7674,-1.0000,-1.0000
7/26/2006,6,57.8932,131.8333,343.1990,43.5068,1.5667,1.5667
7/26/2006,7,229.8913,379.3700,654.5103,75.3741,2.0000,2.0000
7/26/2006,8,431.1873,622.2338,792.0923,82.8331,2.0333,1.9500
7/26/2006,9,609.3533,842.1946,804.7773,106.1230,3.2167,2.4500
7/26/2006,10,791.6807,1024.0575,882.1122,102.3656,0.3667,0.3667
7/26/2006,11,955.5412,1155.3589,872.1830,184.5883,16.7333,10.4833
7/26/2006,12,551.2260,1227.1132,241.8882,314.5484,75.8000,55.5833
7/26/2006,13,638.0975,1234.4050,334.1215,304.8680,53.7667,41.2000
7/26/2006,14,169.2524,1176.7192,-6.3666,169.0554,90.8393,63.8036
7/26/2006,15,145.0141,1057.9767,4.3908,145.0141,94.2167,69.4833
7/26/2006,16,188.0934,886.2715,8.5176,185.3163,85.7167,61.7167
7/26/2006,17,136.7959,673.3348,45.4743,115.0223,86.8500,67.1167
7/26/2006,18,206.3187,433.8048,334.1403,114.8315,29.8667,20.0333
7/26/2006,19,68.8143,184.8834,286.3777,52.3360,8.6333,5.5833
7/26/2006,20,0.1440,8.7072,0.8346,1.0843,-1.0000,-1.0000
7/26/2006,21,-3.2552,0.0000,0.0634,-2.2677,-1.0000,-1.0000
7/26/2006,22,-3.4991,0.0000,0.3015,-2.3586,-1.0000,-1.0000
7/26/2006,23,-4.4779,0.0000,-0.1994,-3.1319,-1.0000,-1.0000
7/27/2006,0,-4.7198,0.0000,-0.8697,-3.1175,-1.0000,-1.0000
7/27/2006,1,-3.7669,0.0000,-1.2977,-2.3051,-1.0000,-1.0000
7/27/2006,2,-3.8837,0.0000,-0.2984,-2.4553,-1.0000,-1.0000
7/27/2006,3,-3.7315,0.0000,0.2543,-2.3961,-1.0000,-1.0000
7/27/2006,4,-2.0653,0.0000,2.9084,-1.4741,-1.0000,-1.0000
7/27/2006,5,-1.0465,0.2850,1.5868,-0.5800,-1.0000,-1.0000
7/27/2006,6,13.3052,128.6383,1.2781,13.6509,53.2667,39.2167
7/27/2006,7,83.5588,376.4774,1.8481,83.5588,93.3167,79.3667
7/27/2006,8,215.9268,619.7163,18.9225,212.1503,99.4833,94.2833
7/27/2006,9,346.3707,840.0191,32.0639,336.2108,99.4333,87.3167
7/27/2006,10,671.4042,1022.1629,317.9354,418.1501,87.9500,60.4333
7/27/2006,11,738.9473,1153.6641,385.1787,383.6008,61.0893,25.5714
7/27/2006,12,761.5547,1225.5224,401.8512,352.6593,50.8500,20.2667
7/27/2006,13,757.6523,1232.8149,447.4918,304.2167,38.7833,16.9000
7/27/2006,14,911.4925,1175.0263,851.7600,137.7076,2.9167,0.6167
7/27/2006,15,829.7213,1056.0842,878.0198,123.1814,2.2500,1.0500
7/27/2006,16,613.2723,884.0961,764.6459,112.8887,2.6429,1.2857
7/27/2006,17,451.8518,670.8126,762.4835,91.7420,1.2167,0.9667
7/27/2006,18,247.0295,430.8982,655.3125,72.5656,1.0500,1.0000
7/27/2006,19,63.3489,181.6159,350.7716,39.6329,0.9000,0.9000
7/27/2006,20,-7.3095,7.8088,-2.6061,-3.5548,-1.0000,-1.0000
7/27/2006,21,-6.0131,0.0000,0.4571,-4.1575,-1.0000,-1.0000
7/27/2006,22,-5.8367,0.0000,0.1515,-4.4680,-1.0000,-1.0000
7/27/2006,23,-4.9208,0.0000,0.4237,-3.8110,-1.0000,-1.0000
7/28/2006,0,-4.5024,0.0000,1.3119,-3.5151,-1.0000,-1.0000
7/28/2006,1,-4.5609,0.0000,0.5325,-3.4708,-1.0000,-1.0000
7/28/2006,2,-4.6456,0.0000,0.4009,-3.3661,-1.0000,-1.0000
7/28/2006,3,-4.5653,0.0000,0.4557,-3.4805,-1.0000,-1.0000
7/28/2006,4,-3.7870,0.0000,0.3607,-2.7846,-1.0000,-1.0000
7/28/2006,5,-2.4921,0.1454,0.5150,-1.4797,-1.0000,-1.0000
7/28/2006,6,57.3085,125.4117,329.8033,42.5702,0.3833,0.3833
7/28/2006,7,227.1522,373.5540,665.9078,73.6395,1.0000,1.0000
7/28/2006,8,419.3032,617.1722,757.7210,89.8328,0.1500,0.1500
7/28/2006,9,612.2417,837.8177,812.5718,110.0423,0.5167,0.5167
7/28/2006,10,796.0208,1020.2398,890.5173,106.2458,0.0000,0.0000
7/28/2006,11,929.1218,1151.9347,925.2698,106.6326,0.0000,0.0000
7/28/2006,12,956.2810,1223.8882,837.3355,161.3481,2.0500,0.6667
7/28/2006,13,820.2857,1231.1707,533.9205,297.3322,29.4833,9.5833
7/28/2006,14,754.6287,1173.2667,439.8468,354.5988,52.9167,25.8833
7/28/2006,15,429.4367,1054.1117,85.8887,364.4529,86.1167,61.5333
7/28/2006,16,524.7298,881.8277,421.0182,260.6486,55.9667,32.5333
7/28/2006,17,369.3920,668.1858,269.7699,240.0028,80.3500,55.9667
7/28/2006,18,254.8114,427.8778,339.1801,153.2235,68.9167,35.2500
7/28/2006,19,71.1300,178.2308,92.2397,67.5164,53.3500,33.2333
7/28/2006,20,-2.9202,6.9332,-0.4848,-1.0991,-1.0000,-1.0000
7/28/2006,21,-5.5277,0.0000,0.3102,-4.2252,-1.0000,-1.0000
7/28/2006,22,-4.9430,0.0000,0.4535,-3.9032,-1.0000,-1.0000
7/28/2006,23,-5.0998,0.0000,0.7426,-3.8590,-1.0000,-1.0000
7/29/2006,0,-4.2054,0.0000,1.5351,-3.2087,-1.0000,-1.0000
7/29/2006,1,-3.9302,0.0000,0.2969,-2.8085,-1.0000,-1.0000
7/29/2006,2,-3.2935,0.0000,0.7960,-2.3719,-1.0000,-1.0000
7/29/2006,3,-3.3972,0.0000,0.4535,-2.3778,-1.0000,-1.0000
7/29/2006,4,-5.1864,0.0000,0.2831,-3.5882,-1.0000,-1.0000
7/29/2006,5,-5.3498,0.0500,0.8326,-3.6577,-1.0000,-1.0000
7/29/2006,6,28.4735,122.1554,65.0835,28.2061,9.1000,5.2833
7/29/2006,7,144.1697,370.6011,138.7346,119.2239,61.2679,45.7679
7/29/2006,8,294.2795,614.6019,171.9939,221.3806,92.1333,75.5000
7/29/2006,9,650.9395,835.5904,808.0655,149.5399,16.7000,5.4167
7/29/2006,10,797.2993,1018.2879,866.3045,126.6471,7.6667,2.6667
7/29/2006,11,677.2730,1150.1700,340.7061,367.6543,61.4167,33.7667
7/29/2006,12,894.3637,1222.2098,559.9031,359.0759,57.3500,34.8000
7/29/2006,13,1004.0070,1229.4708,918.8645,127.5881,8.3000,5.6000
7/29/2006,14,955.8222,1171.4390,940.1102,112.0976,3.6500,1.6500
7/29/2006,15,742.1913,1052.0581,719.8327,156.8937,13.8833,6.5667
7/29/2006,16,447.6693,879.4655,339.2105,222.6393,40.7667,20.8667
7/29/2006,17,346.4707,665.4539,397.9642,162.5741,36.0833,22.6500
7/29/2006,18,213.6517,424.7433,374.8478,100.9156,22.3667,9.1833
7/29/2006,19,57.6622,174.7289,254.2701,50.4550,15.4833,5.9833
7/29/2006,20,-2.4607,6.0858,-0.7027,-0.4247,-1.0000,-1.0000
7/29/2006,21,-4.4800,0.0000,0.1868,-3.0497,-1.0000,-1.0000
7/29/2006,22,-4.3822,0.0000,0.2838,-3.0479,-1.0000,-1.0000
7/29/2006,23,-3.8965,0.0000,0.2529,-2.9081,-1.0000,-1.0000
7/30/2006,0,-3.3838,0.0000,0.2705,-2.5288,-1.0000,-1.0000
7/30/2006,1,-3.3080,0.0000,0.3222,-2.4103,-1.0000,-1.0000
7/30/2006,2,-3.6725,0.0000,0.3390,-2.6579,-1.0000,-1.0000
7/30/2006,3,-4.7325,0.0000,-0.2682,-3.4651,-1.0000,-1.0000
7/30/2006,4,-5.3740,0.0000,-0.3536,-3.8390,-1.0000,-1.0000
7/30/2006,5,-5.9811,0.0000,-0.6316,-3.9263,-1.0000,-1.0000
7/30/2006,6,50.0174,118.8709,308.8077,37.8961,0.3333,0.3333
7/30/2006,7,217.2247,367.6192,646.4198,70.5335,0.7000,0.7000
7/30/2006,8,422.2428,612.0058,801.8627,76.0966,0.0000,0.0000
7/30/2006,9,621.9180,833.3371,867.4437,88.4103,0.0167,0.0167
7/30/2006,10,793.1302,1016.3062,900.3263,100.9873,0.0000,0.0000
7/30/2006,11,922.9847,1148.3693,927.7032,104.1659,0.0000,0.0000
7/30/2006,12,990.0470,1220.4860,933.7950,108.7948,0.0000,0.0000
7/30/2006,13,991.5437,1227.7141,925.4892,114.8427,0.0000,0.0000
7/30/2006,14,931.6647,1169.5419,905.2728,119.9419,0.0500,0.0500
7/30/2006,15,809.8608,1049.9221,856.5993,128.9802,3.4000,1.8500
7/30/2006,16,186.6242,877.0087,39.3467,156.9247,51.7500,42.0667
7/30/2006,17,129.4610,662.6164,-0.8549,129.4610,89.9333,73.4000
7/30/2006,18,110.0887,421.4945,7.8400,109.3026,93.6833,76.7500
7/30/2006,19,75.5301,171.1109,71.0759,71.9819,72.4333,50.3167
7/30/2006,20,-3.7740,5.2721,-0.7171,-2.3204,-1.0000,-1.0000
7/30/2006,21,-4.7718,0.0000,0.0786,-3.5464,-1.0000,-1.0000
7/30/2006,22,-3.8874,0.0000,0.4735,-2.6278,-1.0000,-1.0000
7/30/2006,23,-3.7527,0.0000,-0.0280,-2.5650,-1.0000,-1.0000
7/31/2006,0,-3.2050,0.0000,0.3017,-2.2588,-1.0000,-1.0000
7/31/2006,1,-4.3261,0.0000,-0.1375,-3.0953,-1.0000,-1.0000
7/31/2006,2,-3.8445,0.0000,0.3275,-2.6410,-1.0000,-1.0000
7/31/2006,3,-3.8237,0.0000,-0.0226,-2.6663,-1.0000,-1.0000
7/31/2006,4,-5.4692,0.0000,-0.5598,-3.6874,-1.0000,-1.0000
7/31/2006,5,-3.2531,0.0000,0.8125,-2.0000,-1.0000,-1.0000
7/31/2006,6,44.1367,115.5604,182.0733,38.5828,5.0517,2.3621
7/31/2006,7,197.8770,364.6095,470.4807,96.2015,5.6833,2.9333
7/31/2006,8,394.4730,609.3843,628.7227,126.8275,5.4500,3.6833
7/31/2006,9,520.9365,831.0578,412.2423,267.6932,32.8667,19.4000
7/31/2006,10,473.5560,1014.2947,119.0290,321.5463,78.8167,57.3000
7/31/2006,11,895.6448,1146.5315,782.1550,204.4194,4.3667,2.7000
7/31/2006,12,961.1620,1218.7154,805.1727,202.2174,0.5500,0.3667
7/31/2006,13,976.5255,1225.8993,818.7785,200.8405,1.9333,1.1667
7/31/2006,14,882.1522,1167.5740,696.0755,255.6843,15.7167,9.6500
7/31/2006,15,519.9282,1047.7027,170.1583,382.3119,87.3167,69.4000
7/31/2006,16,357.1892,874.4562,119.9570,287.2709,90.5167,70.4000
7/31/2006,17,255.0837,659.6727,94.3721,208.4891,80.6000,58.7000
7/31/2006,18,80.0976,418.1313,2.5117,79.1120,95.6167,72.8500
7/31/2006,19,16.5036,167.3778,-0.9161,16.5312,64.3333,29.4333
7/31/2006,20,-2.5468,4.4972,0.0166,-1.6445,-1.0000,-1.0000
7/31/2006,21,-2.3485,0.0000,0.2443,-1.7307,-1.0000,-1.0000
7/31/2006,22,-2.3985,0.0000,-0.1566,-1.7091,-1.0000,-1.0000
7/31/2006,23,-2.1985,0.0000,-0.0408,-1.5882,-1.0000,-1.0000
8/1/2006,0,-2.8426,0.0000,-0.3266,-1.9999,-1.0000,-1.0000
8/1/2006,1,-2.8935,0.0000,0.1369,-2.0416,-1.0000,-1.0000
8/1/2006,2,-2.0241,0.0000,0.0069,-1.4430,-1.0000,-1.0000
8/1/2006,3,-2.4182,0.0000,-1.3926,-1.8533,-1.0000,-1.0000
8/1/2006,4,-1.9693,0.0000,-0.1710,-1.4216,-1.0000,-1.0000
8/1/2006,5,-1.5859,0.0000,0.6583,-1.0781,-1.0000,-1.0000
8/1/2006,6,16.2886,112.2745,1.3798,16.2991,32.7167,21.5333
8/1/2006,7,73.6451,361.5729,2.2574,73.6451,96.8333,85.8000
8/1/2006,8,177.7464,606.7380,2.9000,177.7464,95.6167,84.7667
8/1/2006,9,280.6195,828.7522,5.6829,280.0835,97.0833,79.5667
8/1/2006,10,438.4007,1012.2523,49.4803,399.4328,94.3667,75.9500
8/1/2006,11,909.7393,1144.6555,569.1060,382.7478,42.3000,21.7000
8/1/2006,12,902.8363,1216.8969,476.3828,429.8606,40.4500,21.7833
8/1/2006,13,906.6043,1224.0251,640.7107,291.7958,25.1833,15.0500
8/1/2006,14,635.0272,1165.5342,366.3269,289.8841,44.9667,31.3333
8/1/2006,15,721.4467,1045.3986,657.3040,209.1447,16.5833,10.4167
8/1/2006,16,398.7061,871.8072,392.0906,128.4615,27.1167,20.1500
8/1/2006,17,252.0609,656.6225,184.6295,174.8002,72.3000,56.5333
8/1/2006,18,248.8264,414.6540,328.5918,163.3376,51.6167,37.6667
8/1/2006,19,24.7989,163.5308,10.2620,24.7950,44.1333,33.0167
8/1/2006,20,-2.2469,3.7666,-0.3601,-1.3936,-1.0000,-1.0000
8/1/2006,21,-2.1111,0.0000,0.7216,-1.6545,-1.0000,-1.0000
8/1/2006,22,-1.6717,0.0000,2.0535,-1.3759,-1.0000,-1.0000
8/1/2006,23,-2.9877,0.0000,1.2261,-2.3110,-1.0000,-1.0000
8/2/2006,0,-3.9175,0.0000,0.0685,-3.0307,-1.0000,-1.0000
8/2/2006,1,-4.8848,0.0000,0.4618,-3.6425,-1.0000,-1.0000
8/2/2006,2,-4.9041,0.0000,-1.1289,-3.5718,-1.0000,-1.0000
8/2/2006,3,-5.1245,0.0000,0.5008,-3.7605,-1.0000,-1.0000
8/2/2006,4,-2.9819,0.0000,0.9106,-2.2731,-1.0000,-1.0000
8/2/2006,5,-2.9347,0.0000,0.3231,-2.0960,-1.0000,-1.0000
8/2/2006,6,45.3612,109.0138,264.4713,35.4511,0.3500,0.2333
8/2/2006,7,192.7620,358.5097,384.0714,125.8172,40.4667,27.4667
8/2/2006,8,283.3648,604.0664,170.6623,202.1471,57.7119,40.7627
8/2/2006,9,425.7720,826.4201,276.7125,237.3296,38.2667,26.7833
8/2/2006,10,808.5453,1010.1786,890.9710,123.8948,6.0333,3.7667
8/2/2006,11,566.9967,1142.7404,251.9256,336.3861,54.5167,36.2333
8/2/2006,12,511.9417,1215.0292,182.0850,336.9426,70.0167,42.9833
8/2/2006,13,815.6410,1222.0899,556.6226,294.2668,38.6786,23.2500
8/2/2006,14,703.1438,1163.4209,518.4701,219.4557,30.7333,21.3833
8/2/2006,15,674.6828,1043.0088,611.1495,173.3019,15.8667,10.2000
8/2/2006,16,652.1150,869.0610,816.4632,125.9686,5.2667,3.2667
8/2/2006,17,337.9152,653.4652,518.3351,82.1639,17.0667,10.8333
8/2/2006,18,230.9089,411.0625,501.1430,110.7125,30.8167,23.0000
8/2/2006,19,51.2809,159.5709,225.4033,36.7096,5.4500,3.9833
8/2/2006,20,-3.4395,3.0852,0.2935,-1.9689,-1.0000,-1.0000
8/2/2006,21,-5.1697,0.0000,1.2204,-3.7824,-1.0000,-1.0000
8/2/2006,22,-3.7652,0.0000,1.6065,-3.0285,-1.0000,-1.0000
8/2/2006,23,-4.2088,0.0000,1.6715,-3.4854,-1.0000,-1.0000
8/3/2006,0,-4.2180,0.0000,1.3067,-3.2734,-1.0000,-1.0000
8/3/2006,1,-3.3123,0.0000,1.1273,-2.6714,-1.0000,-1.0000
8/3/2006,2,-3.1440,0.0000,1.5167,-2.5322,-1.0000,-1.0000
8/3/2006,3,-3.8461,0.0000,0.8578,-2.9528,-1.0000,-1.0000
8/3/2006,4,-3.0514,0.0000,0.4992,-2.2884,-1.0000,-1.0000
8/3/2006,5,-2.9274,0.0000,0.1061,-1.8039,-1.0000,-1.0000
8/3/2006,6,41.6328,105.7805,211.9511,31.2328,0.2000,0.2000
8/3/2006,7,218.0063,355.4209,627.9228,81.7047,6.4333,3.3833
8/3/2006,8,335.9017,601.3700,409.5773,171.1915,47.4000,30.0833
8/3/2006,9,336.4897,824.0608,79.7521,282.9003,79.6500,60.8000
8/3/2006,10,450.0670,1008.0724,138.2780,333.8971,80.8667,59.8167
8/3/2006,11,892.4670,1140.7848,760.2388,216.5201,27.2167,15.8667
8/3/2006,12,1012.3700,1213.1109,888.3533,176.8685,15.1500,9.0167
8/3/2006,13,840.1112,1220.0924,606.5419,265.0054,51.4167,33.8333
8/3/2006,14,110.3520,1161.2331,-7.8605,107.5632,91.8833,55.3667
8/3/2006,15,344.9165,1040.5321,18.9117,332.1050,96.2500,73.8500
8/3/2006,16,363.8625,866.2167,124.8454,284.3169,90.5167,70.2667
8/3/2006,17,260.7138,650.2005,37.0468,240.7403,92.7167,80.1167
8/3/2006,18,285.5118,407.3572,541.8340,152.6180,41.9667,29.9833
8/3/2006,19,33.3549,155.4998,11.4685,32.6415,21.3667,12.7500
8/3/2006,20,-1.1483,2.4582,0.4546,-0.6120,-1.0000,-1.0000
8/3/2006,21,-2.3240,0.0000,0.7914,-1.6504,-1.0000,-1.0000
8/3/2006,22,-2.7402,0.0000,-0.4164,-1.9244,-1.0000,-1.0000
8/3/2006,23,-2.5186,0.0000,0.0240,-1.8530,-1.0000,-1.0000
8/4/2006,0,-4.1915,0.0000,0.7239,-3.1704,-1.0000,-1.0000
8/4/2006,1,-2.8884,0.0000,1.1248,-2.3078,-1.0000,-1.0000
8/4/2006,2,-3.5549,0.0000,0.1897,-2.5153,-1.0000,-1.0000
8/4/2006,3,-3.6798,0.0000,0.1640,-2.6303,-1.0000,-1.0000
8/4/2006,4,-5.1533,0.0000,-1.5639,-3.5879,-1.0000,-1.0000
8/4/2006,5,-4.2968,0.0000,-0.5293,-2.7822,-1.0000,-1.0000
8/4/2006,6,45.1222,102.5768,320.4928,33.7204,-0.1833,-0.1833
8/4/2006,7,238.0250,352.3070,715.2215,87.2416,8.5500,2.4000
8/4/2006,8,465.8815,598.6489,827.4463,123.7266,18.9667,4.2833
8/4/2006,9,653.6610,821.6739,845.2873,144.8148,21.2167,5.1500
8/4/2006,10,853.3573,1005.9329,879.7808,178.4460,23.2500,6.5500
8/4/2006,11,966.7683,1138.7875,747.4657,296.7824,37.9000,13.9000
8/4/2006,12,893.2208,1211.1402,556.8542,324.0324,38.6833,23.5333
8/4/2006,13,531.5608,1218.0310,287.8287,252.8303,51.4000,34.6333
8/4/2006,14,492.9347,1158.9688,144.1289,361.9813,74.8833,53.0000
8/4/2006,15,618.6775,1037.9671,300.9547,378.6438,76.2333,47.0333
8/4/2006,16,542.7698,863.2738,347.2441,314.2949,82.4833,45.0833
8/4/2006,17,146.1377,646.8283,1.8498,144.3876,94.3333,69.5500
8/4/2006,18,44.8515,403.5385,-2.2215,44.8515,96.0000,64.3833
8/4/2006,19,18.6677,151.3191,0.0375,18.7764,38.3500,14.3500
8/4/2006,20,-3.5397,1.8904,-0.4568,-2.2758,-1.0000,-1.0000
8/4/2006,21,-3.7756,0.0000,1.0011,-2.6114,-1.0000,-1.0000
8/4/2006,22,-4.6152,0.0000,0.3929,-3.5167,-1.0000,-1.0000
8/4/2006,23,-3.9039,0.0000,0.7226,-2.9076,-1.0000,-1.0000
8/5/2006,0,-3.5067,0.0000,-0.0716,-2.4878,-1.0000,-1.0000
8/5/2006,1,-2.8093,0.0000,0.8276,-2.0088,-1.0000,-1.0000
8/5/2006,2,-2.8884,0.0000,0.5565,-2.1291,-1.0000,-1.0000
8/5/2006,3,-3.1789,0.0000,0.5773,-2.2383,-1.0000,-1.0000
8/5/2006,4,-4.2560,0.0000,-0.0506,-3.0713,-1.0000,-1.0000
8/5/2006,5,-3.1229,0.0000,-0.2245,-1.9764,-1.0000,-1.0000
8/5/2006,6,57.6399,99.4046,217.1327,51.2360,16.4667,5.5500
8/5/2006,7,225.1775,349.1685,517.7161,116.0772,28.0714,13.8393
8/5/2006,8,394.9007,595.9028,334.2144,264.6730,77.6333,50.4000
8/5/2006,9,381.4565,819.2589,70.0962,337.7729,85.2333,68.2500
8/5/2006,10,369.1333,1003.7590,3.0057,369.1333,99.2333,83.0833
8/5/2006,11,214.7212,1136.7472,-0.5458,214.7212,97.4667,68.2833
8/5/2006,12,224.7072,1209.1161,3.7527,224.7072,95.2833,60.7000
8/5/2006,13,251.2265,1215.9041,2.3604,251.2265,97.2167,68.8833
8/5/2006,14,296.0165,1156.6273,1.9282,296.0165,97.3167,71.6833
8/5/2006,15,134.9992,1035.3133,0.3150,134.9992,99.4667,80.6333
8/5/2006,16,88.0668,860.2313,0.9210,88.0668,99.3500,85.7333
8/5/2006,17,49.6031,643.3485,-8.3281,49.6031,98.0500,84.6667
8/5/2006,18,36.1503,399.6065,-1.8936,36.1069,97.4333,82.3667
8/5/2006,19,9.9465,147.0309,-0.6753,9.5471,58.4667,28.4333
8/5/2006,20,-1.1269,1.3865,1.2740,-0.3552,-1.0000,-1.0000
8/5/2006,21,-1.1107,0.0000,0.6915,-0.7154,-1.0000,-1.0000
8/5/2006,22,-2.3980,0.0000,0.4899,-1.6483,-1.0000,-1.0000
8/5/2006,23,-2.3685,0.0000,0.7144,-1.7198,-1.0000,-1.0000
8/6/2006,0,-2.0036,0.0000,0.6161,-1.4726,-1.0000,-1.0000
8/6/2006,1,-3.5053,0.0000,-0.9183,-2.3477,-1.0000,-1.0000
8/6/2006,2,-4.6292,0.0000,0.0828,-3.2178,-1.0000,-1.0000
8/6/2006,3,-4.1026,0.0000,0.8473,-3.4814,-1.0000,-1.0000
8/6/2006,4,-1.6898,0.0000,0.6949,-0.9104,-1.0000,-1.0000
8/6/2006,5,-1.8302,0.0000,0.5646,-1.2174,-1.0000,-1.0000
8/6/2006,6,11.9157,96.2658,1.2243,11.9938,34.7833,16.6333
8/6/2006,7,53.1985,346.0055,1.7876,53.1985,96.7667,79.1667
8/6/2006,8,68.9707,593.1315,2.2909,68.9707,97.0333,79.5667
8/6/2006,9,184.7584,816.8149,5.0388,184.3090,98.6833,78.8833
8/6/2006,10,239.8120,1001.5497,5.4359,239.7445,99.4333,82.3333
8/6/2006,11,362.3700,1134.6625,5.1115,362.3700,98.3833,73.4333
8/6/2006,12,653.9777,1207.0370,84.9057,563.2500,87.1167,54.6500
8/6/2006,13,796.6260,1213.7107,318.8578,455.8411,66.7500,43.6667
8/6/2006,14,868.8722,1154.2072,760.6920,173.8144,13.8000,6.7667
8/6/2006,15,818.4640,1032.5694,945.9875,78.5890,1.1333,0.5500
8/6/2006,16,633.3132,857.0891,798.6018,115.0553,13.1667,8.1500
8/6/2006,17,131.3630,639.7610,84.7012,84.6568,72.5167,51.4500
8/6/2006,18,25.3116,395.5621,-1.4768,25.3116,95.1167,56.7500
8/6/2006,19,8.6113,142.6371,-4.0684,8.8175,49.7333,29.9167
8/6/2006,20,-1.2903,0.9510,1.3838,-0.7586,-1.0000,-1.0000
8/6/2006,21,-2.7179,0.0000,0.4681,-2.0310,-1.0000,-1.0000
8/6/2006,22,-2.0527,0.0000,0.6161,-1.4205,-1.0000,-1.0000
8/6/2006,23,-2.9888,0.0000,0.0211,-2.2003,-1.0000,-1.0000
8/7/2006,0,-2.6741,0.0000,0.0526,-1.9012,-1.0000,-1.0000
8/7/2006,1,-2.6690,0.0000,1.0514,-1.8294,-1.0000,-1.0000
8/7/2006,2,-4.6000,0.0000,0.1861,-3.5669,-1.0000,-1.0000
8/7/2006,3,-1.7846,0.0000,1.9022,-1.2133,-1.0000,-1.0000
8/7/2006,4,-1.7198,0.0000,1.2040,-1.1266,-1.0000,-1.0000
8/7/2006,5,-2.1464,0.0000,0.7241,-1.1435,-1.0000,-1.0000
8/7/2006,6,26.6055,93.1618,7.8889,27.0581,16.6500,7.7833
8/7/2006,7,156.8813,342.8184,342.5283,85.7335,19.1667,10.0333
8/7/2006,8,397.4584,590.3347,763.2573,71.0003,1.7833,1.7833
8/7/2006,9,607.4215,814.3415,876.1768,78.1587,0.7500,0.7500
8/7/2006,10,784.8023,999.3039,903.1202,98.0379,2.8333,2.0333
8/7/2006,11,781.6820,1132.5323,455.4656,338.8163,33.8000,20.9167
8/7/2006,12,572.3343,1204.9014,136.8112,440.9855,71.4333,46.4833
8/7/2006,13,541.7353,1211.4491,152.0376,387.1590,72.7833,48.9000
8/7/2006,14,117.8526,1151.7071,-4.8398,117.8526,94.2667,74.6833
8/7/2006,15,186.0656,1029.7347,2.4187,186.0656,98.8644,89.0847
8/7/2006,16,501.2858,853.8463,317.8292,308.4990,79.8333,53.3000
8/7/2006,17,181.3641,636.0659,16.1240,171.5241,93.4000,73.6667
8/7/2006,18,75.1213,391.4059,-0.6372,75.1213,96.7167,82.6500
8/7/2006,19,24.0699,138.1403,49.1352,22.6058,45.4833,17.4167
8/7/2006,20,-2.2343,0.5913,0.3261,-1.5012,-1.0000,-1.0000
8/7/2006,21,-2.5039,0.0000,0.5313,-1.7933,-1.0000,-1.0000
8/7/2006,22,-4.2653,0.0000,0.5580,-3.2090,-1.0000,-1.0000
8/7/2006,23,-4.4888,0.0000,0.4359,-3.2892,-1.0000,-1.0000
8/8/2006,0,-4.2051,0.0000,-0.0834,-2.9538,-1.0000,-1.0000
8/8/2006,1,-4.1978,0.0000,0.2857,-2.9132,-1.0000,-1.0000
8/8/2006,2,-4.2952,0.0000,0.0691,-3.0259,-1.0000,-1.0000
8/8/2006,3,-4.3298,0.0000,1.2879,-3.1551,-1.0000,-1.0000
8/8/2006,4,-4.5228,0.0000,0.5970,-3.5100,-1.0000,-1.0000
8/8/2006,5,-3.2468,0.0000,0.8783,-2.2183,-1.0000,-1.0000
8/8/2006,6,38.6878,90.0945,264.0188,30.0524,0.2667,0.1500
8/8/2006,7,208.8270,339.6075,701.0813,61.4196,0.5333,0.5333
8/8/2006,8,413.1755,587.5122,853.5192,57.3247,0.0667,0.0667
8/8/2006,9,612.1625,811.8374,924.7485,58.0756,0.0500,0.0500
8/8/2006,10,785.9153,997.0206,958.4657,62.4649,0.0000,0.0000
8/8/2006,11,910.2488,1130.3551,969.5232,69.1252,0.0000,0.0000
8/8/2006,12,959.4240,1202.7081,944.1500,81.7071,0.1500,0.1500
8/8/2006,13,961.3378,1209.1181,895.9140,126.0721,5.4667,3.4167
8/8/2006,14,853.9555,1149.1263,711.1673,218.1056,25.9000,17.4000
8/8/2006,15,380.8713,1026.8085,166.3563,242.6535,65.2667,53.8500
8/8/2006,16,439.1767,850.5033,331.8367,225.6773,52.8333,39.5333
8/8/2006,17,281.9313,632.2636,211.9252,192.9149,50.5833,35.8167
8/8/2006,18,182.0544,387.1388,271.0296,119.0455,39.4833,23.3000
8/8/2006,19,25.1459,133.5431,47.6430,23.7575,5.7000,2.0667
8/8/2006,20,-6.0059,0.3170,-0.4309,-4.0540,-1.0000,-1.0000
8/8/2006,21,-3.9219,0.0000,0.4107,-3.0406,-1.0000,-1.0000
8/8/2006,22,-2.7935,0.0000,0.5218,-1.9882,-1.0000,-1.0000
8/8/2006,23,-2.8867,0.0000,0.5034,-2.0910,-1.0000,-1.0000
8/9/2006,0,-4.1383,0.0000,0.4670,-2.9357,-1.0000,-1.0000
8/9/2006,1,-4.5253,0.0000,1.0320,-3.3257,-1.0000,-1.0000
8/9/2006,2,-3.0122,0.0000,0.8399,-2.1272,-1.0000,-1.0000
8/9/2006,3,-3.5127,0.0000,0.6094,-2.5466,-1.0000,-1.0000
8/9/2006,4,-2.9970,0.0000,0.3867,-2.0542,-1.0000,-1.0000
8/9/2006,5,-3.1154,0.0000,0.2922,-1.9415,-1.0000,-1.0000
8/9/2006,6,17.6433,87.0647,1.3826,17.8473,16.6167,7.8833
8/9/2006,7,109.2100,336.3729,34.9524,103.8821,71.8500,51.5333
8/9/2006,8,285.2973,584.6636,151.9888,213.2812,74.1333,54.0833
8/9/2006,9,438.0487,809.3025,201.4701,308.1370,61.3833,40.7667
8/9/2006,10,647.6077,994.6987,447.8755,270.6014,40.2667,25.7000
8/9/2006,11,914.8370,1128.1297,838.6032,156.6372,11.1667,5.7167
8/9/2006,12,919.2200,1200.4559,805.6950,166.4675,12.7167,7.6333
8/9/2006,13,955.6577,1206.7168,837.2588,171.3824,12.3667,4.7500
8/9/2006,14,761.9260,1146.4636,648.5898,187.7841,20.8167,13.3833
8/9/2006,15,764.4403,1023.7903,806.8284,138.9363,10.9500,6.9000
8/9/2006,16,495.9120,847.0596,492.4775,194.0829,34.8167,24.6500
8/9/2006,17,227.8410,628.3545,125.7657,164.4259,62.9333,45.9833
8/9/2006,18,86.6306,382.7617,3.5250,86.5735,96.8000,82.7833
8/9/2006,19,20.6851,128.8481,-1.2522,20.9835,58.1000,41.0500
8/9/2006,20,-4.6412,0.1246,-1.0264,-3.3841,-1.0000,-1.0000
8/9/2006,21,-3.1349,0.0000,0.5018,-2.3328,-1.0000,-1.0000
8/9/2006,22,-2.6189,0.0000,-0.0599,-1.8186,-1.0000,-1.0000
8/9/2006,23,-3.4148,0.0000,-0.6944,-2.2696,-1.0000,-1.0000
8/10/2006,0,-2.2387,0.0000,0.3379,-1.4456,-1.0000,-1.0000
8/10/2006,1,-1.8042,0.0000,0.6565,-1.1969,-1.0000,-1.0000
8/10/2006,2,-1.6648,0.0000,0.4526,-1.0576,-1.0000,-1.0000
8/10/2006,3,-1.8017,0.0000,0.5425,-1.1322,-1.0000,-1.0000
8/10/2006,4,-1.9409,0.0000,0.4471,-1.3034,-1.0000,-1.0000
8/10/2006,5,-2.4611,0.0000,0.2068,-1.6097,-1.0000,-1.0000
8/10/2006,6,6.6949,84.0738,0.3992,7.0138,21.8500,12.1667
8/10/2006,7,51.7510,333.1145,1.0461,51.7510,95.4333,78.5833
8/10/2006,8,189.3303,581.7885,9.8688,187.8999,96.8929,81.1429
8/10/2006,9,424.9497,806.7355,159.6702,317.7086,84.8167,60.6333
8/10/2006,10,754.2772,992.3372,796.3808,139.0087,8.3667,3.6167
8/10/2006,11,918.4487,1125.8553,934.5965,109.1811,2.2500,0.9667
8/10/2006,12,971.9058,1198.1437,902.2230,130.5500,6.6667,2.8500
8/10/2006,13,709.6825,1204.2441,533.0188,192.9860,19.2167,13.0833
8/10/2006,14,644.4402,1143.7188,410.8744,275.2743,38.9333,26.1833
8/10/2006,15,629.2925,1020.6799,417.4506,300.4485,65.3667,50.0000
8/10/2006,16,384.5192,843.5154,163.9188,285.6850,91.6167,75.8167
8/10/2006,17,333.0133,624.3391,417.4265,168.3173,45.5667,33.4333
8/10/2006,18,130.1151,378.2757,261.6441,55.4522,5.6500,4.1500
8/10/2006,19,15.8824,124.0587,21.0495,16.7083,9.5667,6.9000
8/10/2006,20,-6.4580,0.0178,-0.4824,-4.8218,-1.0000,-1.0000
8/10/2006,21,-5.4519,0.0000,-0.1283,-4.0826,-1.0000,-1.0000
8/10/2006,22,-4.8267,0.0000,-0.1243,-3.6321,-1.0000,-1.0000
8/10/2006,23,-6.2950,0.0000,-0.0322,-4.6033,-1.0000,-1.0000
8/11/2006,0,-4.6645,0.0000,-0.0171,-3.5574,-1.0000,-1.0000
8/11/2006,1,-5.0296,0.0000,0.7837,-3.8800,-1.0000,-1.0000
8/11/2006,2,-4.1275,0.0000,0.3081,-3.0375,-1.0000,-1.0000
8/11/2006,3,-4.2750,0.0000,0.3703,-3.2142,-1.0000,-1.0000
8/11/2006,4,-3.8302,0.0000,1.1664,-3.0153,-1.0000,-1.0000
8/11/2006,5,-3.5845,0.0000,0.7591,-2.7811,-1.0000,-1.0000
8/11/2006,6,18.1950,81.1230,40.7042,19.4354,27.7667,16.0333
8/11/2006,7,97.6778,329.8325,5.5864,97.6488,89.0667,69.9667
8/11/2006,8,419.2077,578.8865,547.8331,188.8226,58.5536,35.5357
8/11/2006,9,517.1597,804.1364,365.8700,305.7774,70.1833,51.9500
8/11/2006,10,756.0332,989.9354,774.1278,164.9841,21.9833,14.2500
8/11/2006,11,506.6685,1123.5309,314.5357,238.8509,67.3167,50.4167
8/11/2006,12,439.6957,1195.7707,142.8473,306.8501,76.6500,50.2167
8/11/2006,13,682.5365,1201.6995,347.7696,348.5761,58.0500,39.6333
8/11/2006,14,655.7820,1140.8912,416.5448,274.1474,52.5167,38.3500
8/11/2006,15,707.3948,1017.4771,562.9986,263.3448,41.0357,30.4464
8/11/2006,16,387.5295,839.8713,177.4088,280.8724,78.1833,59.4667
8/11/2006,17,408.4882,620.2183,453.8395,217.1676,62.4333,40.3167
8/11/2006,18,125.3878,373.6820,174.2997,80.9429,39.6500,23.9000
8/11/2006,19,39.1072,119.1778,69.3254,33.2607,25.8333,12.9333
8/11/2006,20,-2.6189,0.0000,0.4437,-1.8245,-1.0000,-1.0000
8/11/2006,21,-4.6625,0.0000,0.1826,-3.3394,-1.0000,-1.0000
8/11/2006,22,-3.0382,0.0000,1.0219,-2.1705,-1.0000,-1.0000
8/11/2006,23,-4.1126,0.0000,-0.2006,-3.0527,-1.0000,-1.0000
8/12/2006,0,-3.4051,0.0000,0.7633,-2.4593,-1.0000,-1.0000
8/12/2006,1,-2.4038,0.0000,1.6821,-1.8727,-1.0000,-1.0000
8/12/2006,2,-2.4897,0.0000,0.8465,-1.7838,-1.0000,-1.0000
8/12/2006,3,-2.8258,0.0000,1.1709,-2.1700,-1.0000,-1.0000
8/12/2006,4,-4.3316,0.0000,-0.7850,-3.2358,-1.0000,-1.0000
8/12/2006,5,-5.2592,0.0000,-0.3268,-3.7505,-1.0000,-1.0000
8/12/2006,6,15.0839,78.2131,75.4284,16.4144,8.2833,5.3167
8/12/2006,7,133.4775,326.5268,44.9597,124.5470,70.8500,49.9167
8/12/2006,8,455.5888,575.9575,447.0310,266.5893,80.1500,45.4167
8/12/2006,9,492.0273,801.5043,281.3293,314.7546,79.5167,45.1500
8/12/2006,10,828.2365,987.4928,709.1720,281.8160,39.4667,15.5500
8/12/2006,11,856.6700,1121.1558,515.0741,396.7580,50.4500,21.9000
8/12/2006,12,549.5842,1193.3362,53.4314,496.1075,88.6667,54.5167
8/12/2006,13,706.4907,1199.0826,244.6237,469.2048,76.3500,45.6667
8/12/2006,14,232.6135,1137.9808,-0.2156,232.5336,97.5667,75.8000
8/12/2006,15,376.6282,1014.1822,52.9040,339.0747,90.2000,72.7333
8/12/2006,16,136.8092,836.1274,-1.4602,135.5848,96.1667,78.8167
8/12/2006,17,95.1150,615.9929,-2.1424,95.1150,96.9000,81.0333
8/12/2006,18,38.8647,368.9820,0.1202,38.8647,95.7333,69.6167
8/12/2006,19,11.5846,114.2980,0.5145,11.7213,41.8167,19.3167
8/12/2006,20,-2.9430,0.0000,0.2125,-2.1362,-1.0000,-1.0000
8/12/2006,21,-4.4914,0.0000,-0.4411,-3.1460,-1.0000,-1.0000
8/12/2006,22,-3.0526,0.0000,0.9427,-2.1876,-1.0000,-1.0000
8/12/2006,23,-2.3911,0.0000,1.7033,-1.6772,-1.0000,-1.0000
8/13/2006,0,-3.1485,0.0000,0.8090,-2.1514,-1.0000,-1.0000
8/13/2006,1,-5.2508,0.0000,0.2907,-3.8084,-1.0000,-1.0000
8/13/2006,2,-4.2251,0.0000,1.5547,-3.1528,-1.0000,-1.0000
8/13/2006,3,-2.2596,0.0000,2.1508,-1.7852,-1.0000,-1.0000
8/13/2006,4,-3.8103,0.0000,0.5025,-2.9479,-1.0000,-1.0000
8/13/2006,5,-4.8452,0.0000,-1.2146,-3.2263,-1.0000,-1.0000
8/13/2006,6,27.0944,75.3477,109.2156,27.4445,8.3167,4.0167
8/13/2006,7,155.7383,323.1977,363.0236,73.0188,13.1333,7.7167
8/13/2006,8,396.1442,573.0012,762.8838,83.1285,2.7857,1.3750
8/13/2006,9,595.5475,798.8389,847.3835,93.1966,5.0333,1.6167
8/13/2006,10,770.6758,985.0086,873.4355,114.4028,8.0000,3.4833
8/13/2006,11,831.9193,1118.7297,673.9172,227.8049,17.7833,6.4167
8/13/2006,12,749.1428,1190.8402,495.0122,291.1282,45.5536,25.3571
8/13/2006,13,325.2632,1196.3931,5.6919,322.3395,90.9833,63.4333
8/13/2006,14,366.7253,1134.9875,46.7362,323.8231,88.3571,68.6786
8/13/2006,15,542.2817,1010.7955,216.0957,380.5542,84.6000,63.9667
8/13/2006,16,615.2547,832.2847,779.8400,140.0447,14.9500,8.8333
8/13/2006,17,360.5068,611.6640,473.8719,146.8821,28.9667,16.4167
8/13/2006,18,132.4182,364.1769,169.8500,84.2417,72.1000,50.8167
8/13/2006,19,13.4017,109.4323,-2.3329,14.0240,48.6667,40.6333
8/13/2006,20,-2.8561,0.0000,-1.5533,-1.8139,-1.0000,-1.0000
8/13/2006,21,-1.7129,0.0000,-1.9820,-0.8678,-1.0000,-1.0000
8/13/2006,22,-0.9081,0.0000,-0.7002,-0.5305,-1.0000,-1.0000
8/13/2006,23,-0.7372,0.0000,0.5289,-0.4465,-1.0000,-1.0000
8/14/2006,0,-0.8258,0.0000,1.0856,-0.4479,-1.0000,-1.0000
8/14/2006,1,-1.0497,0.0000,0.9086,-0.6714,-1.0000,-1.0000
8/14/2006,2,-2.0471,0.0000,0.6031,-1.4229,-1.0000,-1.0000
8/14/2006,3,-3.6048,0.0000,0.3322,-2.6438,-1.0000,-1.0000
8/14/2006,4,-4.4840,0.0000,0.6184,-3.5266,-1.0000,-1.0000
8/14/2006,5,-3.5449,0.0000,0.4034,-2.7279,-1.0000,-1.0000
8/14/2006,6,31.9109,72.5267,81.2356,28.0827,6.0167,0.7833
8/14/2006,7,189.5937,319.8453,482.4130,94.9495,14.8333,4.0000
8/14/2006,8,385.4793,570.0177,747.2910,83.1828,1.8571,1.4643
8/14/2006,9,586.3408,796.1400,857.1395,83.8052,0.2333,0.2333
8/14/2006,10,760.9088,982.4828,902.5343,91.1185,0.0667,0.0667
8/14/2006,11,887.1618,1116.2521,922.7250,101.4814,0.3333,0.2167
8/14/2006,12,961.8940,1188.2821,834.5628,199.7234,13.4667,7.1667
8/14/2006,13,239.3905,1193.6311,35.4585,198.8827,73.5333,45.4500
8/14/2006,14,271.9958,1131.9116,25.7497,249.8541,95.7167,68.4833
8/14/2006,15,442.7407,1007.3176,88.6725,375.3208,91.7833,67.4500
8/14/2006,16,282.4295,828.3441,80.8267,237.5016,87.2500,67.3333
8/14/2006,17,166.1965,607.2329,52.6150,148.4779,87.0500,56.9333
8/14/2006,18,141.8903,359.2686,80.2399,123.4678,76.8167,41.0167
8/14/2006,19,29.6477,104.5850,-1.5390,29.9876,26.3833,9.1500
8/14/2006,20,-3.7016,0.0000,0.6372,-2.4393,-1.0000,-1.0000
8/14/2006,21,-4.8869,0.0000,0.6953,-3.5174,-1.0000,-1.0000
8/14/2006,22,-4.1691,0.0000,0.2727,-3.2666,-1.0000,-1.0000
8/14/2006,23,-3.9554,0.0000,0.7666,-3.0573,-1.0000,-1.0000
8/15/2006,0,-3.4239,0.0000,0.8232,-2.6700,-1.0000,-1.0000
8/15/2006,1,-2.8549,0.0000,0.6246,-2.2383,-1.0000,-1.0000
8/15/2006,2,-2.9705,0.0000,1.2482,-2.2774,-1.0000,-1.0000
8/15/2006,3,-3.1913,0.0000,0.6627,-2.4584,-1.0000,-1.0000
8/15/2006,4,-3.5190,0.0000,0.2101,-2.4213,-1.0000,-1.0000
8/15/2006,5,-4.5878,0.0000,-0.4018,-3.1137,-1.0000,-1.0000
8/15/2006,6,15.4298,69.7498,0.3785,15.9976,15.1500,3.3833
8/15/2006,7,122.3887,316.4699,80.7772,104.5339,89.2000,31.6333
8/15/2006,8,328.4650,567.0070,365.5482,175.8440,41.4833,10.5500
8/15/2006,9,621.4140,793.4078,773.6483,176.1770,22.8167,2.8333
8/15/2006,10,798.1835,979.9153,892.4100,145.7510,10.8333,1.7000
8/15/2006,11,901.2245,1113.7232,931.3178,113.2691,4.0500,1.3167
8/15/2006,12,970.8413,1185.6620,951.3687,110.4198,3.0667,1.3500
8/15/2006,13,972.0728,1190.7965,898.5457,152.6782,4.3667,1.6500
8/15/2006,14,685.8553,1128.7536,414.4573,300.8550,44.7288,27.1017
8/15/2006,15,590.6405,1003.7490,323.3685,328.0030,71.3667,46.9500
8/15/2006,16,233.6813,824.3063,14.4274,226.2466,79.1228,59.6667
8/15/2006,17,141.4780,602.7005,-0.0155,141.4780,97.9661,91.1864
8/15/2006,18,81.8176,354.2583,0.2173,81.8176,96.2833,80.5833
8/15/2006,19,8.7873,99.7736,-0.9754,9.3846,33.5833,13.3667
8/15/2006,20,-6.2347,0.0000,-0.2876,-4.5996,-1.0000,-1.0000
8/15/2006,21,-3.2863,0.0000,0.6871,-2.4506,-1.0000,-1.0000
8/15/2006,22,-4.7345,0.0000,-1.8103,-3.0650,-1.0000,-1.0000
8/15/2006,23,-4.8681,0.0000,-0.3159,-3.3264,-1.0000,-1.0000
8/16/2006,0,-5.2381,0.0000,0.7142,-3.7303,-1.0000,-1.0000
8/16/2006,1,-1.7646,0.0000,1.4987,-1.4091,-1.0000,-1.0000
8/16/2006,2,-1.0984,0.0000,2.0612,-0.8072,-1.0000,-1.0000
8/16/2006,3,-1.7232,0.0000,0.9405,-1.2742,-1.0000,-1.0000
8/16/2006,4,-2.2126,0.0000,0.4741,-1.5058,-1.0000,-1.0000
8/16/2006,5,-2.8222,0.0000,0.1589,-1.9393,-1.0000,-1.0000
8/16/2006,6,14.6345,67.0180,27.5974,15.4324,13.7167,5.8333
8/16/2006,7,125.4779,313.0721,152.5973,86.2293,48.2667,26.4167
8/16/2006,8,316.9013,563.9695,495.7351,98.5705,8.1333,6.9333
8/16/2006,9,574.0762,790.6420,841.8460,80.2786,1.2833,1.1500
8/16/2006,10,763.2817,977.3062,910.2210,92.3783,3.1500,2.1167
8/16/2006,11,959.5317,1111.1427,820.3365,260.1898,37.0500,22.3500
8/16/2006,12,887.8152,1182.9803,522.8073,390.7497,51.1500,30.5500
8/16/2006,13,990.1672,1187.8899,697.6329,339.6346,41.4833,22.1833
8/16/2006,14,878.4892,1125.5136,789.2109,193.4289,18.0000,10.7500
8/16/2006,15,664.8868,1000.0904,677.5943,162.4940,15.2833,10.7500
8/16/2006,16,589.6570,820.1723,816.3095,96.4016,2.6833,1.7000
8/16/2006,17,401.7877,598.0685,746.0105,89.7818,5.8036,3.6607
8/16/2006,18,85.2148,349.1480,137.3022,51.3012,25.0833,16.7500
8/16/2006,19,1.9461,95.0037,-2.6928,3.1706,27.3000,18.8000
8/16/2006,20,-4.1276,0.0000,2.0601,-3.0930,-1.0000,-1.0000
8/16/2006,21,-2.9132,0.0000,0.9004,-2.1842,-1.0000,-1.0000
8/16/2006,22,-2.8379,0.0000,0.9045,-2.1605,-1.0000,-1.0000
8/16/2006,23,-3.5746,0.0000,0.7970,-2.8168,-1.0000,-1.0000
8/17/2006,0,-4.5715,0.0000,0.0393,-3.5613,-1.0000,-1.0000
8/17/2006,1,-3.9779,0.0000,0.9250,-2.9650,-1.0000,-1.0000
8/17/2006,2,-3.4966,0.0000,0.8804,-2.8581,-1.0000,-1.0000
8/17/2006,3,-2.4565,0.0000,0.4737,-1.7713,-1.0000,-1.0000
8/17/2006,4,-3.4386,0.0000,0.1109,-2.4253,-1.0000,-1.0000
8/17/2006,5,-3.7059,0.0000,0.0326,-2.4691,-1.0000,-1.0000
8/17/2006,6,24.2965,64.3324,167.6399,21.1612,-0.2000,-0.2000
8/17/2006,7,191.1367,309.6524,623.7485,73.0940,1.4167,0.9167
8/17/2006,8,327.9605,560.9053,598.9435,88.3100,9.5167,5.3333
8/17/2006,9,574.2048,787.8432,872.8992,67.9972,0.4833,0.4667
8/17/2006,10,762.9795,974.6552,936.3945,73.4703,0.8000,0.6333
8/17/2006,11,934.3437,1108.5108,947.0943,128.9622,13.4667,8.3167
8/17/2006,12,378.4985,1180.2367,43.1456,336.9533,70.2333,51.8667
8/17/2006,13,494.3408,1184.9113,181.0938,328.7920,72.7167,53.1000
8/17/2006,14,508.9992,1122.1925,336.2154,212.7043,51.6000,38.0000
8/17/2006,15,84.4269,996.3425,-14.5176,83.0111,97.6000,73.8333
8/17/2006,16,398.3450,815.9432,199.9521,275.5332,68.5893,51.7321
8/17/2006,17,327.0817,593.3377,376.9921,164.2945,39.5893,25.5714
8/17/2006,18,182.1477,343.9390,424.3633,89.6737,29.1667,15.1167
8/17/2006,19,16.9834,90.2721,3.0462,17.8057,19.1333,10.6833
8/17/2006,20,-4.2476,0.0000,-0.0628,-3.0895,-1.0000,-1.0000
8/17/2006,21,-4.6775,0.0000,0.6913,-3.3793,-1.0000,-1.0000
8/17/2006,22,-3.3133,0.0000,0.4021,-2.3725,-1.0000,-1.0000
8/17/2006,23,-4.9609,0.0000,0.4555,-3.4953,-1.0000,-1.0000
8/18/2006,0,-3.7104,0.0000,0.3461,-2.6485,-1.0000,-1.0000
8/18/2006,1,-3.6806,0.0000,0.0990,-2.5693,-1.0000,-1.0000
8/18/2006,2,-3.0616,0.0000,0.5300,-2.1483,-1.0000,-1.0000
8/18/2006,3,-3.1342,0.0000,0.4966,-2.1863,-1.0000,-1.0000
8/18/2006,4,-3.2519,0.0000,0.2476,-2.3035,-1.0000,-1.0000
8/18/2006,5,-2.5983,0.0000,0.2352,-1.7550,-1.0000,-1.0000
8/18/2006,6,12.1691,61.6941,98.9113,12.4670,16.8000,7.2333
8/18/2006,7,63.8517,306.2113,-0.8913,63.8517,93.2500,76.4833
8/18/2006,8,232.5592,557.8148,100.9010,185.5320,78.8036,57.3393
8/18/2006,9,258.5500,785.0112,0.9527,257.6899,96.4833,81.6000
8/18/2006,10,424.9710,971.9627,137.8212,306.0595,77.5000,57.2500
8/18/2006,11,705.4862,1105.8276,360.1014,387.2146,58.1000,41.7333
8/18/2006,12,508.4430,1177.4317,23.3079,492.0520,89.4667,61.2167
8/18/2006,13,443.2085,1181.8609,20.0075,428.6082,92.6000,65.8000
8/18/2006,14,464.8357,1118.7904,44.7891,426.0995,93.7000,69.4000
8/18/2006,15,165.0824,992.5061,-0.5425,165.0824,99.2000,83.3667
8/18/2006,16,65.4505,811.6198,-2.8531,65.4505,98.8667,85.9167
8/18/2006,17,100.6857,588.5096,0.2088,100.6857,97.5667,85.1833
8/18/2006,18,66.4571,338.6328,0.5713,66.4571,96.3333,83.8500
8/18/2006,19,13.8986,85.6021,-0.2046,14.1547,33.2500,17.9333
8/18/2006,20,-2.7787,0.0000,0.6277,-1.8020,-1.0000,-1.0000
8/18/2006,21,-2.8529,0.0000,0.4362,-1.9628,-1.0000,-1.0000
8/18/2006,22,-3.9367,0.0000,0.6403,-2.8741,-1.0000,-1.0000
8/18/2006,23,-3.1439,0.0000,0.8760,-2.7028,-1.0000,-1.0000
8/19/2006,0,-2.9082,0.0000,1.1355,-2.2893,-1.0000,-1.0000
8/19/2006,1,-2.3900,0.0000,0.5513,-1.7834,-1.0000,-1.0000
8/19/2006,2,-0.6785,0.0000,1.3117,-0.3666,-1.0000,-1.0000
8/19/2006,3,-1.3768,0.0000,0.9119,-0.7951,-1.0000,-1.0000
8/19/2006,4,-0.9547,0.0000,0.8147,-0.7078,-1.0000,-1.0000
8/19/2006,5,-1.7586,0.0000,-0.7901,-1.3352,-1.0000,-1.0000
8/19/2006,6,3.1534,59.1041,0.2627,3.2739,19.3833,8.9167
8/19/2006,7,22.1587,302.7493,2.2779,22.1587,94.7333,73.8500
8/19/2006,8,34.6432,554.6984,2.6426,34.6432,97.2321,81.3393
8/19/2006,9,52.8154,782.1464,-0.2052,52.8154,98.5167,80.4167
8/19/2006,10,168.3939,969.2286,4.4299,168.3841,98.8333,76.4833
8/19/2006,11,687.8815,1103.0931,158.7465,530.0413,86.0333,65.1333
8/19/2006,12,741.5093,1174.5649,295.5836,435.0755,51.4167,32.5833
8/19/2006,13,926.2603,1178.7391,777.9600,212.6323,13.0333,7.2333
8/19/2006,14,454.8048,1115.3077,153.4157,314.7883,67.2500,46.0333
8/19/2006,15,375.6822,988.5816,91.7118,305.6519,90.9333,68.8667
8/19/2006,16,123.6023,807.2030,-4.2369,123.6023,99.0333,85.9000
8/19/2006,17,98.9634,583.5855,-2.4817,98.9603,98.0167,81.0500
8/19/2006,18,16.2964,333.2312,7.4052,15.3614,95.7833,66.5333
8/19/2006,19,39.5859,80.9895,100.0096,34.4748,47.1833,37.6833
8/19/2006,20,-2.6540,0.0000,1.7059,-2.3026,-1.0000,-1.0000
8/19/2006,21,-3.8603,0.0000,1.6687,-3.3621,-1.0000,-1.0000
8/19/2006,22,-2.9673,0.0000,1.9349,-2.3097,-1.0000,-1.0000
8/19/2006,23,-3.3819,0.0000,1.8020,-2.6455,-1.0000,-1.0000
8/20/2006,0,-2.8148,0.0000,1.3270,-2.2792,-1.0000,-1.0000
8/20/2006,1,-2.9747,0.0000,1.4821,-2.2718,-1.0000,-1.0000
8/20/2006,2,-3.1440,0.0000,1.2320,-2.4050,-1.0000,-1.0000
8/20/2006,3,-3.2805,0.0000,0.7539,-2.1599,-1.0000,-1.0000
8/20/2006,4,-2.7330,0.0000,0.9463,-1.7645,-1.0000,-1.0000
8/20/2006,5,-3.1431,0.0000,0.7823,-2.0227,-1.0000,-1.0000
8/20/2006,6,15.7511,56.5636,93.5441,14.4355,-0.2500,-0.3000
8/20/2006,7,156.5848,299.2674,474.2959,66.0278,3.2000,1.4333
8/20/2006,8,374.9025,551.5563,734.8383,89.7576,1.3500,0.9667
8/20/2006,9,558.9585,779.2486,791.4590,97.2926,2.6000,1.7500
8/20/2006,10,745.7323,966.4528,850.9942,117.7344,1.4167,0.7500
8/20/2006,11,878.9488,1100.3070,917.7832,104.2213,1.3000,1.1000
8/20/2006,12,905.2998,1171.6365,762.6707,200.1279,14.5167,7.1833
8/20/2006,13,958.4317,1175.5456,902.5975,128.8276,4.4667,2.3833
8/20/2006,14,648.7677,1111.7447,473.5406,229.3685,39.3833,23.8167
8/20/2006,15,226.6875,984.5696,6.5863,223.3685,92.9333,78.1000
8/20/2006,16,180.8454,802.6937,-0.0998,180.7225,96.8750,81.6071
8/20/2006,17,109.5704,578.5663,-1.2982,109.5704,97.2667,83.2833
8/20/2006,18,76.8470,327.7355,28.0536,70.6323,82.5932,47.4746
8/20/2006,19,27.2245,76.4399,81.0829,24.3559,14.1500,8.2000
8/20/2006,20,-3.1196,0.0000,0.3477,-2.1211,-1.0000,-1.0000
8/20/2006,21,-6.1242,0.0000,-0.6204,-4.5793,-1.0000,-1.0000
8/20/2006,22,-4.7782,0.0000,0.4699,-3.5073,-1.0000,-1.0000
8/20/2006,23,-3.9254,0.0000,0.4169,-2.8875,-1.0000,-1.0000
8/21/2006,0,-4.0817,0.0000,0.3260,-2.8914,-1.0000,-1.0000
8/21/2006,1,-4.0412,0.0000,0.3191,-2.5634,-1.0000,-1.0000
8/21/2006,2,-4.7206,0.0000,-0.8231,-3.1670,-1.0000,-1.0000
8/21/2006,3,-3.3256,0.0000,0.7863,-2.3199,-1.0000,-1.0000
8/21/2006,4,-3.3861,0.0000,0.4639,-2.2934,-1.0000,-1.0000
8/21/2006,5,-2.9854,0.0000,0.8708,-1.9776,-1.0000,-1.0000
8/21/2006,6,20.5153,54.0733,133.2996,19.0681,-0.1333,-0.1333
8/21/2006,7,167.4148,295.7657,530.6653,70.2137,2.3500,2.0000
8/21/2006,8,339.9782,548.3888,639.6395,92.1656,6.0333,4.5000
8/21/2006,9,548.7035,776.3181,750.0758,124.0705,5.6667,3.6333
8/21/2006,10,613.5067,963.6354,562.2835,190.8944,9.8500,3.1000
8/21/2006,11,826.0530,1097.4693,738.7725,206.1614,9.5667,1.9833
8/21/2006,12,896.0948,1168.6462,743.7423,220.2494,7.9153,2.5424
8/21/2006,13,576.5995,1172.2806,284.3267,295.0245,38.1833,20.0167
8/21/2006,14,387.6375,1108.1013,35.5478,355.9365,86.7167,63.4167
8/21/2006,15,518.2683,980.4704,245.0948,325.4590,77.1000,50.2000
8/21/2006,16,196.8072,798.0926,11.2442,189.2219,92.1000,68.5500
8/21/2006,17,219.2937,573.4532,105.3865,187.1722,90.6429,55.7321
8/21/2006,18,165.6283,322.1476,227.0278,112.4478,71.9667,33.6667
8/21/2006,19,11.7300,71.9736,0.3097,12.1247,9.0667,4.7333
8/21/2006,20,-4.0973,0.0000,0.9496,-3.1003,-1.0000,-1.0000
8/21/2006,21,-5.8976,0.0000,-0.7513,-4.5199,-1.0000,-1.0000
8/21/2006,22,-4.8105,0.0000,-0.3887,-3.7707,-1.0000,-1.0000
8/21/2006,23,-5.1531,0.0000,0.5125,-3.7079,-1.0000,-1.0000
8/22/2006,0,-4.2134,0.0000,0.9858,-3.1028,-1.0000,-1.0000
8/22/2006,1,-4.6455,0.0000,0.4695,-3.7610,-1.0000,-1.0000
8/22/2006,2,-4.2278,0.0000,1.1915,-3.1383,-1.0000,-1.0000
8/22/2006,3,-3.9420,0.0000,1.6618,-3.1797,-1.0000,-1.0000
8/22/2006,4,-3.0215,0.0000,1.2617,-2.3639,-1.0000,-1.0000
8/22/2006,5,-3.3089,0.0000,0.4510,-2.2656,-1.0000,-1.0000
8/22/2006,6,26.8756,51.6340,135.8366,25.4892,0.5167,0.0333
8/22/2006,7,169.4802,292.2450,527.2022,75.5294,3.3333,2.3500
8/22/2006,8,364.5278,545.1963,727.6678,86.3203,3.3500,2.6333
8/22/2006,9,545.1560,773.3547,765.3385,104.2853,4.8333,3.5667
8/22/2006,10,762.2570,960.7757,881.8475,124.1303,4.1000,2.1667
8/22/2006,11,811.0127,1094.5795,675.3130,233.3031,20.9833,7.8167
8/22/2006,12,862.4405,1165.5938,583.8533,323.9278,30.7500,7.9833
8/22/2006,13,877.2933,1168.9438,637.9232,293.7588,22.9000,5.6500
8/22/2006,14,853.9062,1104.3779,732.1045,229.5877,13.2667,3.4000
8/22/2006,15,705.4478,976.2844,497.7167,336.7671,61.3390,35.4746
8/22/2006,16,300.2330,793.4004,57.8278,268.0184,97.1000,75.3000
8/22/2006,17,173.8195,568.2474,22.5037,169.5387,97.8500,79.9333
8/22/2006,18,97.2228,316.4688,14.4946,95.5557,92.2857,51.7500
8/22/2006,19,14.6131,67.5764,13.2380,15.2048,27.6500,10.5333
8/22/2006,20,-5.0601,0.0000,-0.0939,-3.7402,-1.0000,-1.0000
8/22/2006,21,-4.1883,0.0000,0.0064,-2.9564,-1.0000,-1.0000
8/22/2006,22,-3.9102,0.0000,0.2097,-2.5861,-1.0000,-1.0000
8/22/2006,23,-4.1596,0.0000,0.1116,-2.8761,-1.0000,-1.0000
8/23/2006,0,-4.2624,0.0000,-0.2603,-2.9194,-1.0000,-1.0000
8/23/2006,1,-3.9079,0.0000,0.0801,-2.7487,-1.0000,-1.0000
8/23/2006,2,-3.2759,0.0000,0.2743,-2.3127,-1.0000,-1.0000
8/23/2006,3,-3.4896,0.0000,0.1797,-2.3655,-1.0000,-1.0000
8/23/2006,4,-3.5230,0.0000,-0.0910,-2.4584,-1.0000,-1.0000
8/23/2006,5,-3.6883,0.0000,-0.0475,-2.5833,-1.0000,-1.0000
8/23/2006,6,17.9059,49.2468,156.8085,16.4496,-0.3667,-0.3667
8/23/2006,7,167.2209,288.7055,617.8748,56.7447,1.0000,1.0000
8/23/2006,8,372.4670,541.9784,806.6597,64.7722,0.5500,0.5500
8/23/2006,9,565.1940,770.3581,882.0692,69.8270,0.1667,0.1667
8/23/2006,10,748.5365,957.8738,922.5973,83.7529,3.7500,2.4167
8/23/2006,11,868.8397,1091.6374,866.1090,156.5912,19.1786,11.9286
8/23/2006,12,662.1278,1162.4789,355.8895,330.1872,51.0667,37.5333
8/23/2006,13,632.8400,1165.5351,485.7430,191.3127,24.6607,18.1429
8/23/2006,14,816.5807,1100.5743,751.1076,172.3984,13.1167,8.3667
8/23/2006,15,770.9768,972.0121,858.9295,149.3564,11.9333,6.0000
8/23/2006,16,442.8625,788.6179,499.6154,131.0823,18.0000,10.9833
8/23/2006,17,105.6322,562.9500,25.1926,97.8517,37.9833,26.7500
8/23/2006,18,134.4129,310.7010,205.3783,88.0164,38.3667,23.6500
8/23/2006,19,3.6706,63.2805,-0.7618,4.7382,5.5667,3.7667
8/23/2006,20,-3.6167,0.0000,0.2123,-2.6959,-1.0000,-1.0000
8/23/2006,21,-3.5083,0.0000,-0.3264,-2.4190,-1.0000,-1.0000
8/23/2006,22,-2.8386,0.0000,0.4429,-1.9900,-1.0000,-1.0000
8/23/2006,23,-4.7062,0.0000,0.7300,-3.4914,-1.0000,-1.0000
8/24/2006,0,-4.6488,0.0000,0.6577,-3.4047,-1.0000,-1.0000
8/24/2006,1,-4.3867,0.0000,0.8840,-3.4647,-1.0000,-1.0000
8/24/2006,2,-2.7829,0.0000,0.8552,-1.9787,-1.0000,-1.0000
8/24/2006,3,-3.6822,0.0000,-0.1649,-2.5471,-1.0000,-1.0000
8/24/2006,4,-4.3429,0.0000,0.7635,-3.0228,-1.0000,-1.0000
8/24/2006,5,-3.2103,0.0000,2.2861,-2.4490,-1.0000,-1.0000
8/24/2006,6,9.5439,46.9120,1.7824,9.9059,17.6667,8.7500
8/24/2006,7,125.5177,285.1477,90.9427,112.0556,97.3167,67.9833
8/24/2006,8,233.6235,538.7354,99.5311,197.6709,88.5667,41.3167
8/24/2006,9,482.6062,767.3282,345.5260,277.8837,66.4333,26.2500
8/24/2006,10,682.1813,954.9289,554.7427,261.3260,37.9333,12.8667
8/24/2006,11,797.2963,1088.6423,559.4468,307.1525,41.2167,16.9500
8/24/2006,12,669.4125,1159.3009,258.6899,427.2155,74.6167,39.7333
8/24/2006,13,849.7863,1162.0541,522.8405,373.7263,55.5667,26.6167
8/24/2006,14,384.1365,1096.6906,56.5657,334.6140,95.1964,71.5893
8/24/2006,15,207.2192,967.6537,-1.3409,207.2192,98.1333,85.7167
8/24/2006,16,102.0192,783.7458,1.1281,101.3067,98.4333,86.6667
8/24/2006,17,27.9151,557.5623,-6.3375,28.3216,97.1333,84.8000
8/24/2006,18,37.6395,304.8458,5.1988,37.5764,94.8000,75.6500
8/24/2006,19,-2.7147,59.0674,-2.0712,-1.3499,20.0667,11.1667
8/24/2006,20,-1.9344,0.0000,1.2887,-1.2339,-1.0000,-1.0000
8/24/2006,21,-3.0903,0.0000,-0.0224,-2.3640,-1.0000,-1.0000
8/24/2006,22,-4.1023,0.0000,0.7930,-3.1047,-1.0000,-1.0000
8/24/2006,23,-3.6176,0.0000,0.4473,-2.8931,-1.0000,-1.0000
8/25/2006,0,-1.7543,0.0000,1.1520,-1.3426,-1.0000,-1.0000
8/25/2006,1,-1.6751,0.0000,1.0082,-1.3545,-1.0000,-1.0000
8/25/2006,2,-2.3498,0.0000,0.2165,-1.7191,-1.0000,-1.0000
8/25/2006,3,-2.3242,0.0000,0.5438,-1.7623,-1.0000,-1.0000
8/25/2006,4,-1.9480,0.0000,1.1241,-1.5083,-1.0000,-1.0000
8/25/2006,5,-3.1868,0.0000,-0.8345,-2.3191,-1.0000,-1.0000
8/25/2006,6,5.6785,44.6304,-0.4952,6.0502,14.8167,5.9167
8/25/2006,7,58.1114,281.5718,0.5776,58.1114,97.5667,84.2833
8/25/2006,8,211.2103,535.4671,41.1407,198.3543,97.1167,79.3500
8/25/2006,9,427.7638,764.2646,420.6210,171.6562,29.0667,18.3167
8/25/2006,10,582.0253,951.9408,368.7513,289.4749,40.0667,25.9667
8/25/2006,11,574.2067,1085.5937,272.2481,331.4417,55.4167,34.6667
8/25/2006,12,951.3315,1156.0595,736.6439,288.7698,30.5833,16.6667
8/25/2006,13,200.5311,1158.5005,87.8715,115.4253,83.4000,41.5000
8/25/2006,14,173.1545,1092.7267,3.2410,173.1545,85.7333,60.1833
8/25/2006,15,608.8448,963.2095,602.5947,192.5103,40.9167,31.3833
8/25/2006,16,518.2123,778.7847,572.6324,197.8036,31.4500,21.5667
8/25/2006,17,221.0270,552.0853,117.2273,172.5623,65.4333,37.8500
8/25/2006,18,144.2733,298.9051,133.7745,115.8547,84.8167,52.9333
8/25/2006,19,24.1587,54.9643,7.4064,24.6118,25.5000,21.4667
8/25/2006,20,-4.0789,0.0000,0.4606,-2.8879,-1.0000,-1.0000
8/25/2006,21,-4.2967,0.0000,0.4449,-3.1843,-1.0000,-1.0000
8/25/2006,22,-3.6367,0.0000,0.1349,-2.5925,-1.0000,-1.0000
8/25/2006,23,-2.8484,0.0000,-0.2059,-1.8672,-1.0000,-1.0000
8/26/2006,0,-0.9910,0.0000,0.4448,-0.5729,-1.0000,-1.0000
8/26/2006,1,-0.7377,0.0000,0.1331,-0.3652,-1.0000,-1.0000
8/26/2006,2,-1.1742,0.0000,-0.1118,-0.7132,-1.0000,-1.0000
8/26/2006,3,-1.6540,0.0000,0.6091,-1.3947,-1.0000,-1.0000
8/26/2006,4,-1.5675,0.0000,1.6333,-0.9852,-1.0000,-1.0000
8/26/2006,5,-1.2349,0.0000,1.2392,-0.6373,-1.0000,-1.0000
8/26/2006,6,1.1083,42.4024,0.1857,1.3720,18.1833,11.8333
8/26/2006,7,27.1050,277.9782,1.1941,27.1050,95.3667,75.8500
8/26/2006,8,68.1260,532.1732,3.1839,68.1260,95.5500,74.7833
8/26/2006,9,321.9292,761.1666,77.0503,271.1625,95.1833,71.1667
8/26/2006,10,465.1028,948.9086,71.1585,406.1098,90.8500,66.4333
8/26/2006,11,717.9983,1082.4908,438.7417,348.7722,67.8000,37.9333
8/26/2006,12,337.2428,1152.7540,78.6258,257.5665,89.3667,53.4333
8/26/2006,13,180.3867,1154.8739,1.2645,180.2417,96.0500,65.2333
8/26/2006,14,34.1232,1088.6826,-1.1917,34.1232,98.1000,63.6333
8/26/2006,15,200.1953,958.6800,26.9918,181.0179,95.2000,75.0833
8/26/2006,16,516.2642,773.7357,624.6372,150.4135,27.9500,15.1333
8/26/2006,17,115.0125,546.5204,0.1043,115.0125,96.5167,82.3167
8/26/2006,18,103.4704,292.8806,29.1153,98.5062,77.1833,51.0333
8/26/2006,19,7.7168,50.9596,-0.1325,8.3799,6.5833,3.8167
8/26/2006,20,-3.2351,0.0000,0.4775,-2.3008,-1.0000,-1.0000
8/26/2006,21,-2.6913,0.0000,-0.5979,-2.2116,-1.0000,-1.0000
8/26/2006,22,-1.9887,0.0000,-0.1924,-1.8211,-1.0000,-1.0000
8/26/2006,23,-2.3841,0.0000,1.8718,-1.9355,-1.0000,-1.0000
8/27/2006,0,-2.1271,0.0000,1.9880,-1.7864,-1.0000,-1.0000
8/27/2006,1,-4.0871,0.0000,1.3046,-3.0746,-1.0000,-1.0000
8/27/2006,2,-3.5066,0.0000,1.1601,-2.5536,-1.0000,-1.0000
8/27/2006,3,-3.8822,0.0000,1.2014,-2.5678,-1.0000,-1.0000
8/27/2006,4,-2.7919,0.0000,1.1763,-1.7991,-1.0000,-1.0000
8/27/2006,5,-3.8752,0.0000,0.9893,-2.7368,-1.0000,-1.0000
8/27/2006,6,13.1898,40.2284,87.7518,11.0926,-0.2500,-0.2667
8/27/2006,7,155.3919,274.3669,519.8572,58.8508,4.7000,2.8000
8/27/2006,8,338.6161,528.8539,552.1085,150.4350,52.7833,36.2667
8/27/2006,9,370.8293,758.0340,327.7662,168.7371,49.4000,35.6000
8/27/2006,10,767.5743,945.8319,866.1608,152.8224,16.8833,9.9167
8/27/2006,11,823.1583,1079.3332,764.5164,184.4937,24.8167,16.4000
8/27/2006,12,753.1320,1149.3839,552.4556,252.0539,41.3667,26.6167
8/27/2006,13,305.7117,1151.1741,34.8111,278.4836,79.9643,59.2321
8/27/2006,14,456.2215,1084.5583,164.6241,312.0607,81.6000,60.9167
8/27/2006,15,279.9883,954.0656,24.3657,262.9132,91.8667,72.9167
8/27/2006,16,233.6875,768.5996,38.7709,210.4187,84.8000,63.9667
8/27/2006,17,166.4832,540.8690,156.5809,115.9796,38.0167,25.5167
8/27/2006,18,138.1737,286.7744,390.7154,71.9300,22.0833,12.1000
8/27/2006,19,9.2172,47.0766,48.1019,7.6107,1.9167,1.0833
8/27/2006,20,-3.3195,0.0000,0.5811,-2.4253,-1.0000,-1.0000
8/27/2006,21,-3.7950,0.0000,0.7675,-2.8455,-1.0000,-1.0000
8/27/2006,22,-4.2584,0.0000,0.2809,-3.1686,-1.0000,-1.0000
8/27/2006,23,-6.3012,0.0000,-0.3428,-4.5825,-1.0000,-1.0000
8/28/2006,0,-4.2619,0.0000,1.3122,-3.1615,-1.0000,-1.0000
8/28/2006,1,-2.8393,0.0000,0.7499,-2.2019,-1.0000,-1.0000
8/28/2006,2,-3.4298,0.0000,0.1733,-2.4499,-1.0000,-1.0000
8/28/2006,3,-3.3995,0.0000,0.2498,-2.3941,-1.0000,-1.0000
8/28/2006,4,-3.3051,0.0000,0.3016,-2.2370,-1.0000,-1.0000
8/28/2006,5,-3.7399,0.0000,-0.1538,-2.5359,-1.0000,-1.0000
8/28/2006,6,9.3038,38.1091,54.7868,10.3131,-0.3000,-0.3000
8/28/2006,7,76.9249,270.7382,131.8261,50.4396,5.4333,2.2667
8/28/2006,8,338.2742,525.5086,685.0689,85.3894,3.5167,2.5167
8/28/2006,9,553.3218,754.8664,802.4825,114.0947,5.7167,2.8833
8/28/2006,10,668.1657,942.7098,535.8457,280.9530,42.6833,21.5500
8/28/2006,11,878.7282,1076.1202,861.1843,176.8753,9.5667,3.4667
8/28/2006,12,893.6642,1145.9487,766.0337,222.3327,10.8000,5.6333
8/28/2006,13,924.6082,1147.4007,890.1112,153.1053,1.8500,0.8833
8/28/2006,14,815.1867,1080.3538,774.3042,181.6915,9.4667,4.5833
8/28/2006,15,524.9917,949.3666,423.4009,217.0686,47.0000,31.9667
8/28/2006,16,238.9690,763.3772,95.2282,179.2418,91.9833,71.7333
8/28/2006,17,141.0579,535.1325,179.1222,88.7639,82.0000,64.8167
8/28/2006,18,185.3447,280.5886,520.6955,105.0836,22.4500,9.3667
8/28/2006,19,10.3341,43.3037,1.0954,11.3941,8.0167,5.4500
8/28/2006,20,-4.9563,0.0000,-0.1975,-3.4340,-1.0000,-1.0000
8/28/2006,21,-4.1331,0.0000,0.3484,-2.8245,-1.0000,-1.0000
8/28/2006,22,-4.2294,0.0000,0.6047,-3.0650,-1.0000,-1.0000
8/28/2006,23,-4.0521,0.0000,0.0362,-2.7426,-1.0000,-1.0000
8/29/2006,0,-3.4145,0.0000,0.4436,-2.1924,-1.0000,-1.0000
8/29/2006,1,-3.3272,0.0000,0.6552,-2.1699,-1.0000,-1.0000
8/29/2006,2,-3.4454,0.0000,0.5057,-2.3093,-1.0000,-1.0000
8/29/2006,3,-3.2977,0.0000,0.5556,-2.4502,-1.0000,-1.0000
8/29/2006,4,-3.3356,0.0000,0.7691,-2.4837,-1.0000,-1.0000
8/29/2006,5,-3.8474,0.0000,0.5489,-2.8338,-1.0000,-1.0000
8/29/2006,6,12.9472,36.0478,123.1127,12.2322,-0.5667,-0.5667
8/29/2006,7,157.5023,267.0921,624.2443,53.8968,0.6333,0.6333
8/29/2006,8,363.6792,522.1372,822.3050,61.8947,0.0167,0.0167
8/29/2006,9,563.5240,751.6628,905.9417,68.4052,0.0000,0.0000
8/29/2006,10,739.6423,939.5419,947.2775,76.4388,0.0000,0.0000
8/29/2006,11,865.7762,1072.8507,969.2698,83.9573,0.0000,0.0000
8/29/2006,12,930.0648,1142.4477,971.5690,88.8449,0.0000,0.0000
8/29/2006,13,925.3483,1143.5531,959.2738,92.1412,0.0000,0.0000
8/29/2006,14,856.2132,1076.0688,940.3113,94.8192,0.0000,0.0000
8/29/2006,15,722.1573,944.5834,897.4822,94.5283,0.0000,0.0000
8/29/2006,16,541.9575,758.0693,833.5382,87.1532,0.0000,0.0000
8/29/2006,17,339.3213,529.3124,730.6658,73.7161,0.4500,0.4500
8/29/2006,18,130.9509,274.3252,461.6706,54.4367,1.6333,0.9167
8/29/2006,19,2.1775,39.6663,3.3354,3.1281,-0.6833,-0.6833
8/29/2006,20,-6.8654,0.0000,-0.7152,-4.9404,-1.0000,-1.0000
8/29/2006,21,-5.6655,0.0000,0.0260,-4.0938,-1.0000,-1.0000
8/29/2006,22,-4.6782,0.0000,0.3823,-3.4500,-1.0000,-1.0000
8/29/2006,23,-5.4060,0.0000,-0.1378,-4.1219,-1.0000,-1.0000
8/30/2006,0,-4.2494,0.0000,0.3848,-3.2086,-1.0000,-1.0000
8/30/2006,1,-3.8984,0.0000,0.6785,-2.8685,-1.0000,-1.0000
8/30/2006,2,-3.9975,0.0000,0.7267,-2.8587,-1.0000,-1.0000
8/30/2006,3,-3.7888,0.0000,0.3260,-2.6261,-1.0000,-1.0000
8/30/2006,4,-3.8523,0.0000,0.7127,-2.5950,-1.0000,-1.0000
8/30/2006,5,-3.9023,0.0000,-0.0435,-2.6882,-1.0000,-1.0000
8/30/2006,6,15.5714,34.0429,131.5213,15.2989,0.0500,-0.1500
8/30/2006,7,161.1775,263.4287,582.5040,66.5265,5.3833,2.4333
8/30/2006,8,393.6843,518.7390,663.7055,159.7761,39.9667,11.6333
8/30/2006,9,473.4863,748.4229,476.3706,213.1444,47.0167,19.0000
8/30/2006,10,655.0143,936.3269,620.7277,216.3406,40.5833,18.6333
8/30/2006,11,727.8008,1069.5243,564.9462,251.4942,35.0833,20.0833
8/30/2006,12,789.5840,1138.8800,549.4233,308.0586,47.8000,33.7167
8/30/2006,13,885.0137,1139.6315,667.5056,297.7017,46.1833,30.1833
8/30/2006,14,650.9355,1071.7037,531.3937,211.0173,32.4167,22.1667
8/30/2006,15,781.9483,939.7165,805.6129,219.8363,38.5000,24.0333
8/30/2006,16,460.0967,752.6771,571.1387,141.7035,22.9833,14.5167
8/30/2006,17,247.8746,523.4101,400.0434,96.7190,21.5833,13.9333
8/30/2006,18,62.9536,267.9865,77.4181,45.4699,17.9500,12.2500
8/30/2006,19,4.4010,36.1475,7.7838,5.1044,6.7833,4.3833
8/30/2006,20,-5.4577,0.0000,0.1320,-4.1259,-1.0000,-1.0000
8/30/2006,21,-6.2085,0.0000,-0.5363,-4.6551,-1.0000,-1.0000
8/30/2006,22,-5.9078,0.0000,-0.6979,-4.2944,-1.0000,-1.0000
8/30/2006,23,-4.8197,0.0000,-0.1291,-3.4556,-1.0000,-1.0000
8/31/2006,0,-5.5965,0.0000,0.3488,-3.8995,-1.0000,-1.0000
8/31/2006,1,-6.8952,0.0000,-0.3380,-5.2284,-1.0000,-1.0000
8/31/2006,2,-5.8346,0.0000,0.1598,-4.2383,-1.0000,-1.0000
8/31/2006,3,-4.6586,0.0000,-0.0865,-3.0824,-1.0000,-1.0000
8/31/2006,4,-4.2332,0.0000,0.2929,-3.0224,-1.0000,-1.0000
8/31/2006,5,-3.6837,0.0000,0.3426,-2.5702,-1.0000,-1.0000
8/31/2006,6,11.1050,32.0935,106.8365,10.7902,-0.6333,-0.6333
8/31/2006,7,153.3904,259.7479,581.1788,57.8543,1.8167,1.2000
8/31/2006,8,368.1584,515.3139,735.8755,102.5620,12.4333,4.1000
8/31/2006,9,526.0732,745.1459,531.7059,246.2351,54.0784,31.7647
8/31/2006,10,397.0748,933.0643,144.7572,265.3871,-99999,-99999
8/31/2006,11,803.6003,1066.1399,725.2347,212.6701,-99999,-99999
8/31/2006,12,471.9567,1135.2452,169.7534,317.7238,83.7000,69.2600
8/31/2006,13,329.7052,1135.6346,172.2119,179.6002,87.3500,70.3000
8/31/2006,14,35.2145,1067.2582,-8.7380,34.4362,98.9167,80.2000
8/31/2006,15,500.5730,934.7662,368.3567,266.3788,75.1000,57.1167
8/31/2006,16,272.1695,747.2015,167.2089,176.2856,57.7333,36.7500
8/31/2006,17,341.4078,517.4273,658.1813,107.5889,15.2667,6.3167
8/31/2006,18,122.1937,261.5750,295.3464,74.9530,24.5500,15.0500
8/31/2006,19,8.7798,32.7799,23.7267,9.3762,3.0333,1.3833
8/31/2006,20,-4.5088,0.0000,0.8057,-3.3780,-1.0000,-1.0000
8/31/2006,21,-3.8558,0.0000,0.7301,-2.8133,-1.0000,-1.0000
8/31/2006,22,-2.7577,0.0000,1.4827,-2.0531,-1.0000,-1.0000
8/31/2006,23,-3.0825,0.0000,0.2973,-2.5222,-1.0000,-1.0000
