DATE,HOUR-MST,Avg Global PSP [W/m^2],Avg Global Extraterrestrial (calc) [W/m^2],Avg Direct NIP #2 [W/m^2],Avg Diffuse PSP (sband corr) [W/m^2],Avg Total Cloud Cover [%],Avg Opaque Cloud Cover [%]
7/1/2007,1,-5.6976,0.0000,0.3663,-5.0775,-1.0000,-1.0000
7/1/2007,2,-4.8017,0.0000,0.0787,-4.4655,-1.0000,-1.0000
7/1/2007,3,-4.7073,0.0000,0.1426,-4.0149,-1.0000,-1.0000
7/1/2007,4,-4.8829,0.0000,-0.7740,-3.7899,-1.0000,-1.0000
7/1/2007,5,0.7272,13.9461,20.4999,2.2022,-1.0000,-1.0000
7/1/2007,6,83.8687,196.2028,310.6152,59.4585,2.7333,1.9167
7/1/2007,7,251.4237,438.2552,527.4143,109.5271,6.9333,4.3833
7/1/2007,8,439.0917,674.0500,592.0270,163.4603,10.2667,3.1333
7/1/2007,9,595.5452,886.7705,633.8623,185.5200,6.5833,1.4500
7/1/2007,10,813.6503,1061.7892,823.7753,145.9535,1.0333,0.6500
7/1/2007,11,964.4677,1187.1346,913.7005,125.0270,0.0000,0.0000
7/1/2007,12,1026.5597,1254.2438,936.2928,113.3078,0.0536,0.0536
7/1/2007,13,1031.1600,1258.5327,932.5695,117.8773,0.1000,0.1000
7/1/2007,14,972.6530,1199.7032,903.7245,130.4602,0.7333,0.2833
7/1/2007,15,854.4620,1081.7644,840.6662,159.4201,3.1167,1.2167
7/1/2007,16,663.2583,912.7632,747.8151,153.8414,5.3333,2.3167
7/1/2007,17,474.7085,704.2468,700.8888,119.1707,5.1167,3.2667
7/1/2007,18,285.6367,470.5282,629.2428,96.1639,2.0500,1.5667
7/1/2007,19,64.9225,228.0819,160.2746,44.5566,7.4500,3.8167
7/1/2007,20,1.8255,26.3279,8.0040,2.7531,2.4000,1.2667
7/1/2007,21,-5.4995,0.0000,-0.1821,-4.4341,-1.0000,-1.0000
7/1/2007,22,-2.0616,0.0000,0.3951,-1.8872,-1.0000,-1.0000
7/1/2007,23,-3.3272,0.0000,-0.3291,-2.8739,-1.0000,-1.0000
7/2/2007,0,-4.2523,0.0000,-0.5784,-3.6314,-1.0000,-1.0000
7/2/2007,1,-5.7453,0.0000,-0.0107,-4.8740,-1.0000,-1.0000
7/2/2007,2,-4.4216,0.0000,0.3315,-3.9240,-1.0000,-1.0000
7/2/2007,3,-3.6679,0.0000,1.3399,-3.2239,-1.0000,-1.0000
7/2/2007,4,-2.8455,0.0000,2.3126,-2.9164,-1.0000,-1.0000
7/2/2007,5,5.3378,13.3268,10.6708,5.0400,-1.0000,-1.0000
7/2/2007,6,63.5535,194.4292,135.0970,56.8492,18.0667,8.5667
7/2/2007,7,264.6650,436.5748,570.7528,99.3613,3.0000,1.9667
7/2/2007,8,483.8813,672.5283,768.7438,111.0410,1.3833,1.0000
7/2/2007,9,677.0665,885.4478,862.3433,104.1734,0.4000,0.4000
7/2/2007,10,847.1907,1060.6904,912.6920,104.9276,0.3667,0.3667
7/2/2007,11,970.5682,1186.2682,931.7328,112.6989,0.2667,0.2667
7/2/2007,12,1028.1600,1253.6025,912.1345,135.3448,0.4833,0.2667
7/2/2007,13,1021.9417,1258.0926,870.1173,170.3136,0.8000,0.1167
7/2/2007,14,947.8047,1199.4266,820.1337,191.9943,0.7500,0.0167
7/2/2007,15,818.0508,1081.6019,750.8397,204.3139,2.0667,0.4833
7/2/2007,16,648.0172,912.6565,686.1958,188.7549,4.8833,2.2333
7/2/2007,17,459.3220,704.1344,617.3265,155.1831,2.8667,1.1667
7/2/2007,18,262.4373,470.3483,489.4502,119.4789,2.9333,1.2167
7/2/2007,19,85.2964,227.7791,227.8681,62.6746,12.5000,6.1000
7/2/2007,20,-1.3775,26.1264,-0.9688,-0.2482,1.3500,0.5000
7/2/2007,21,-7.1691,0.0000,-0.7111,-5.8832,-1.0000,-1.0000
7/2/2007,22,-4.3542,0.0000,0.1798,-3.8501,-1.0000,-1.0000
7/2/2007,23,-3.9950,0.0000,0.2712,-3.4731,-1.0000,-1.0000
7/3/2007,0,-4.6752,0.0000,-0.4166,-3.9598,-1.0000,-1.0000
7/3/2007,1,-6.4741,0.0000,-0.8386,-5.4440,-1.0000,-1.0000
7/3/2007,2,-5.2741,0.0000,0.4681,-4.7131,-1.0000,-1.0000
7/3/2007,3,-5.3451,0.0000,-1.4806,-4.4635,-1.0000,-1.0000
7/3/2007,4,-5.8348,0.0000,-0.5202,-4.8241,-1.0000,-1.0000
7/3/2007,5,-1.2902,12.7034,11.2270,-0.3790,-1.0000,-1.0000
7/3/2007,6,88.0379,192.5776,384.0413,56.9387,0.9333,0.9333
7/3/2007,7,274.4873,434.8284,671.8367,86.4995,1.0000,1.0000
7/3/2007,8,479.5782,670.9523,805.9548,93.5741,0.1000,0.1000
7/3/2007,9,677.9573,884.0801,869.2502,103.1840,0.1500,0.1500
7/3/2007,10,848.3405,1059.5528,902.6778,117.7272,0.9500,0.7167
7/3/2007,11,1021.9792,1185.3663,854.5173,240.4948,23.8833,12.2000
7/3/2007,12,595.5795,1252.9246,219.2313,371.5538,71.3167,54.9167
7/3/2007,13,832.3135,1257.6116,508.4716,322.9983,43.4333,26.1000
7/3/2007,14,491.6660,1199.1013,195.4439,295.8314,57.8000,39.2000
7/3/2007,15,40.9861,1081.3799,-16.2285,41.0250,95.1167,70.5333
7/3/2007,16,40.0071,912.4784,0.9150,39.6618,98.6500,84.8000
7/3/2007,17,1.6173,703.9367,-5.4958,1.5358,94.5167,75.4833
7/3/2007,18,38.5222,470.0692,2.2831,38.3902,98.1833,90.2167
7/3/2007,19,95.5782,227.3648,157.9076,89.5472,86.4833,60.1167
7/3/2007,20,16.3891,25.8681,20.0354,16.5766,8.2667,3.3167
7/3/2007,21,-3.5778,0.0000,0.1021,-3.0091,-1.0000,-1.0000
7/3/2007,22,-2.8279,0.0000,0.1642,-2.3848,-1.0000,-1.0000
7/3/2007,23,-3.9193,0.0000,-0.0680,-3.4051,-1.0000,-1.0000
7/4/2007,0,-5.1485,0.0000,-1.3722,-3.9957,-1.0000,-1.0000
7/4/2007,1,-3.0528,0.0000,0.8261,-2.5915,-1.0000,-1.0000
7/4/2007,2,-3.1908,0.0000,0.1834,-2.5800,-1.0000,-1.0000
7/4/2007,3,-3.3235,0.0000,0.1907,-2.7873,-1.0000,-1.0000
7/4/2007,4,-3.4462,0.0000,-0.0201,-2.7624,-1.0000,-1.0000
7/4/2007,5,0.7370,12.0594,3.8692,1.2347,-1.0000,-1.0000
7/4/2007,6,88.0197,190.6497,347.4708,61.2173,1.9167,1.6167
7/4/2007,7,286.5542,433.0177,508.9163,144.4328,35.1000,25.0000
7/4/2007,8,453.1580,669.3233,667.7757,131.3830,11.7321,8.2500
7/4/2007,9,659.3772,882.6685,814.5272,115.8671,1.6167,1.1000
7/4/2007,10,834.2900,1058.3775,858.3470,127.9145,1.6667,1.1167
7/4/2007,11,984.6270,1184.4287,877.6290,172.1694,8.2000,3.8500
7/4/2007,12,911.9547,1252.2101,745.0617,178.4722,13.0500,7.6333
7/4/2007,13,1023.8407,1257.0896,871.8957,170.7778,7.9000,3.7833
7/4/2007,14,992.6758,1198.7271,854.1663,193.7921,14.1667,7.1333
7/4/2007,15,745.2087,1081.0985,588.0048,248.7899,32.5000,17.8667
7/4/2007,16,218.0733,912.2277,1.8372,218.0733,78.3333,58.4833
7/4/2007,17,173.2293,703.6528,0.9957,173.2293,82.2833,65.8667
7/4/2007,18,289.9527,469.6902,314.5573,214.2688,83.5500,42.7500
7/4/2007,19,140.4898,226.8381,333.0014,114.9321,64.4500,18.2167
7/4/2007,20,9.2633,25.5592,28.3752,10.5023,5.6500,2.4000
7/4/2007,21,-3.5072,0.0000,-2.4555,-2.5813,-1.0000,-1.0000
7/4/2007,22,-4.4186,0.0000,-0.3692,-3.5078,-1.0000,-1.0000
7/4/2007,23,-3.5016,0.0000,0.7119,-2.9497,-1.0000,-1.0000
7/5/2007,0,-3.1297,0.0000,0.3498,-2.6851,-1.0000,-1.0000
7/5/2007,1,-4.9822,0.0000,0.1074,-4.3243,-1.0000,-1.0000
7/5/2007,2,-3.5578,0.0000,0.4601,-3.1494,-1.0000,-1.0000
7/5/2007,3,-3.5200,0.0000,0.4413,-3.1704,-1.0000,-1.0000
7/5/2007,4,-3.6059,0.0000,0.0118,-3.0601,-1.0000,-1.0000
7/5/2007,5,2.7394,11.4142,23.3066,3.7400,-1.0000,-1.0000
7/5/2007,6,80.2516,188.6466,310.2766,50.9573,2.0500,1.8000
7/5/2007,7,267.8450,431.1437,676.4337,79.9800,1.0667,1.0000
7/5/2007,8,464.2185,667.6423,790.5738,83.9205,1.1333,0.6500
7/5/2007,9,663.4812,881.2139,860.9518,89.9831,0.3667,0.2833
7/5/2007,10,835.1388,1057.1645,895.8978,104.3517,0.5833,0.5833
7/5/2007,11,963.5120,1183.4567,919.1880,111.9309,1.0667,1.0667
7/5/2007,12,961.9708,1251.4594,817.4351,164.0334,12.3000,8.2833
7/5/2007,13,965.7207,1256.5265,702.9132,275.0658,39.6833,25.2000
7/5/2007,14,409.2948,1198.3030,172.9810,240.7234,64.4500,43.4000
7/5/2007,15,446.0872,1080.7568,151.7960,316.9656,77.6000,50.8000
7/5/2007,16,559.9523,911.9043,293.2399,361.2647,79.1167,42.2667
7/5/2007,17,520.3665,703.2821,556.0195,257.1558,49.5833,21.0167
7/5/2007,18,210.0002,469.2106,265.5918,134.8048,42.1833,21.4833
7/5/2007,19,68.6964,226.1985,128.8487,50.4036,53.4833,30.9667
7/5/2007,20,2.0941,25.1993,-0.7223,2.6468,4.6333,3.1500
7/5/2007,21,-4.7260,0.0000,0.2440,-3.9926,-1.0000,-1.0000
7/5/2007,22,-5.1938,0.0000,0.2567,-4.4999,-1.0000,-1.0000
7/5/2007,23,-5.5205,0.0000,0.7682,-4.7772,-1.0000,-1.0000
7/6/2007,0,-4.7780,0.0000,-0.0312,-4.2055,-1.0000,-1.0000
7/6/2007,1,-3.7435,0.0000,0.6332,-3.3300,-1.0000,-1.0000
7/6/2007,2,-3.1553,0.0000,1.2082,-2.9038,-1.0000,-1.0000
7/6/2007,3,-4.3456,0.0000,0.7346,-3.6530,-1.0000,-1.0000
7/6/2007,4,-4.1973,0.0000,0.6933,-3.6616,-1.0000,-1.0000
7/6/2007,5,3.8865,10.7581,25.4025,5.1144,-1.0000,-1.0000
7/6/2007,6,91.5982,186.5701,294.6796,70.1777,8.3167,4.9167
7/6/2007,7,256.6610,429.2076,591.4913,94.0168,5.6333,4.3500
7/6/2007,8,479.5288,665.9107,821.2035,85.5414,1.8000,1.5667
7/6/2007,9,678.6075,879.7174,894.6555,83.0604,0.3333,0.3333
7/6/2007,10,851.8030,1055.9161,940.8268,83.8821,0.3333,0.3333
7/6/2007,11,980.6767,1182.4505,971.0633,83.2170,0.0000,0.0000
7/6/2007,12,1048.1483,1250.6732,981.4385,84.2881,0.0167,0.0167
7/6/2007,13,1050.8583,1255.9216,982.0877,84.1997,0.1000,0.1000
7/6/2007,14,987.8955,1197.8299,965.4178,85.1585,0.0000,0.0000
7/6/2007,15,867.5175,1080.3542,943.4377,83.1152,0.1333,0.1333
7/6/2007,16,700.4620,911.5070,905.2350,80.5486,0.0000,0.0000
7/6/2007,17,499.8552,702.8240,842.8577,77.3615,0.1667,0.1667
7/6/2007,18,281.9720,468.6295,662.8768,79.8006,3.5167,2.7833
7/6/2007,19,51.1189,225.4455,109.3636,45.6884,12.0833,6.9000
7/6/2007,20,4.1588,24.7839,-0.6773,5.1468,0.5167,-0.1667
7/6/2007,21,-6.9944,0.0000,-0.5284,-5.7568,-1.0000,-1.0000
7/6/2007,22,-6.1314,0.0000,-0.2520,-5.3479,-1.0000,-1.0000
7/6/2007,23,-5.4623,0.0000,0.1256,-4.9571,-1.0000,-1.0000
7/7/2007,0,-5.0684,0.0000,1.2023,-4.5705,-1.0000,-1.0000
7/7/2007,1,-4.1763,0.0000,1.8993,-3.9513,-1.0000,-1.0000
7/7/2007,2,-4.7412,0.0000,-0.2522,-4.4619,-1.0000,-1.0000
7/7/2007,3,-3.9831,0.0000,0.1911,-3.4297,-1.0000,-1.0000
7/7/2007,4,-3.5988,0.0000,0.3745,-2.9739,-1.0000,-1.0000
7/7/2007,5,1.4186,10.0986,44.8736,3.7682,-1.0000,-1.0000
7/7/2007,6,91.0591,184.4217,471.5900,57.1039,0.8667,0.8667
7/7/2007,7,270.3602,427.2115,713.2803,75.6077,0.8667,0.8667
7/7/2007,8,473.2463,664.1301,824.6797,79.1862,0.0000,0.0000
7/7/2007,9,670.5163,878.1801,898.5840,77.9345,0.3167,0.3167
7/7/2007,10,839.8973,1054.6314,927.1682,90.2019,1.6000,1.1500
7/7/2007,11,931.3932,1181.4105,796.8430,190.4589,14.8333,8.8833
7/7/2007,12,1011.1242,1249.8518,890.2312,135.8892,4.7333,2.6500
7/7/2007,13,1033.2967,1255.2768,926.2318,123.3521,4.5167,2.7500
7/7/2007,14,864.3887,1197.3078,685.8716,214.8717,18.4000,11.6500
7/7/2007,15,433.6112,1079.8917,132.3686,313.3079,65.9667,44.0333
7/7/2007,16,504.9502,911.0361,240.2032,341.0563,84.2667,54.6333
7/7/2007,17,271.1298,702.2783,118.5971,203.8860,89.7167,68.4000
7/7/2007,18,24.1985,467.9467,-3.2663,24.2315,98.4167,86.3167
7/7/2007,19,-1.8437,224.5785,-6.8520,-2.8644,79.4000,52.4167
7/7/2007,20,-1.8359,24.3131,2.3313,-2.9877,4.9167,2.5500
7/7/2007,21,-1.7463,0.0000,-0.1045,-1.4047,-1.0000,-1.0000
7/7/2007,22,-1.7542,0.0000,0.7983,-1.3917,-1.0000,-1.0000
7/7/2007,23,-1.2795,0.0000,1.7880,-1.3039,-1.0000,-1.0000
7/8/2007,0,-2.0144,0.0000,0.4611,-1.6562,-1.0000,-1.0000
7/8/2007,1,-2.3967,0.0000,-0.6130,-1.7284,-1.0000,-1.0000
7/8/2007,2,-3.0005,0.0000,-0.0272,-2.3730,-1.0000,-1.0000
7/8/2007,3,-3.8241,0.0000,0.3009,-3.0790,-1.0000,-1.0000
7/8/2007,4,-3.4131,0.0000,0.8122,-2.9129,-1.0000,-1.0000
7/8/2007,5,-1.8439,9.4428,9.4781,-0.4567,-1.0000,-1.0000
7/8/2007,6,70.0020,182.2031,54.5588,66.5333,65.5333,43.7333
7/8/2007,7,184.5635,425.1564,282.3781,96.8347,36.9000,24.9167
7/8/2007,8,445.2852,662.3014,682.0805,122.2541,3.4333,2.4333
7/8/2007,9,632.6583,876.6038,744.4212,145.3338,2.5667,1.5667
7/8/2007,10,762.9510,1053.3136,659.2552,227.8546,6.5333,3.2833
7/8/2007,11,788.8058,1180.3379,333.3375,477.6080,56.3000,32.3833
7/8/2007,12,733.8628,1248.9954,290.4719,434.1332,67.9667,43.4500
7/8/2007,13,643.9333,1254.5918,213.1758,430.4677,77.4167,54.7167
7/8/2007,14,313.0515,1196.7359,34.3744,272.8019,89.2833,60.4500
7/8/2007,15,158.7691,1079.3675,1.9564,158.7704,96.1667,74.5667
7/8/2007,16,567.9292,910.4910,425.1363,290.7839,58.6500,42.9833
7/8/2007,17,441.5540,701.6437,578.1714,146.2952,17.3333,11.3167
7/8/2007,18,69.5590,467.1613,-1.7216,69.5371,92.8333,78.5333
7/8/2007,19,48.2644,223.5967,92.3573,45.9546,88.5333,74.2333
7/8/2007,20,5.3178,23.7979,10.1283,5.6430,10.4500,7.9667
7/8/2007,21,-6.0799,0.0000,-0.4025,-5.1860,-1.0000,-1.0000
7/8/2007,22,-3.9426,0.0000,0.1323,-3.1791,-1.0000,-1.0000
7/8/2007,23,-3.3495,0.0000,0.4185,-2.5612,-1.0000,-1.0000
7/9/2007,0,-4.7067,0.0000,0.1172,-3.8217,-1.0000,-1.0000
7/9/2007,1,-3.6084,0.0000,0.5072,-2.9003,-1.0000,-1.0000
7/9/2007,2,-3.0497,0.0000,0.6130,-2.5913,-1.0000,-1.0000
7/9/2007,3,-4.2407,0.0000,0.0354,-3.5247,-1.0000,-1.0000
7/9/2007,4,-3.6922,0.0000,0.1633,-2.9620,-1.0000,-1.0000
7/9/2007,5,0.9039,8.7818,7.6226,1.6805,-1.0000,-1.0000
7/9/2007,6,78.3243,179.9162,259.2962,62.1606,14.7667,6.3833
7/9/2007,7,245.7948,423.0444,459.5380,128.9410,12.7333,7.0333
7/9/2007,8,296.3407,660.4271,90.4831,252.3167,70.6667,53.6167
7/9/2007,9,473.0035,874.9897,176.2313,348.8131,65.8167,43.5000
7/9/2007,10,807.1203,1051.9627,622.6320,299.2662,34.2167,19.1833
7/9/2007,11,749.7895,1179.2341,455.9798,326.4470,29.0667,12.7833
7/9/2007,12,964.5558,1248.1050,773.2353,205.8947,6.7167,4.3000
7/9/2007,13,976.8037,1253.8660,770.9053,215.5775,8.4000,3.8500
7/9/2007,14,960.9135,1196.1145,830.8388,186.6960,6.5167,3.6667
7/9/2007,15,844.4012,1078.7823,809.9448,173.8963,7.8500,3.9000
7/9/2007,16,428.2565,909.8709,279.0686,229.0925,35.0714,21.5714
7/9/2007,17,305.1897,700.9199,183.3444,218.2471,54.6833,29.0000
7/9/2007,18,193.0557,466.2727,136.0792,156.9882,64.4500,32.9167
7/9/2007,19,96.2292,222.4998,177.9667,86.4909,58.4333,29.2667
7/9/2007,20,2.4051,23.2354,6.9444,4.2251,5.5500,3.3833
7/9/2007,21,-5.7899,0.0000,0.1011,-4.9025,-1.0000,-1.0000
7/9/2007,22,-4.8036,0.0000,0.4738,-3.8320,-1.0000,-1.0000
7/9/2007,23,-4.0126,0.0000,0.2303,-3.4183,-1.0000,-1.0000
7/10/2007,0,-3.7896,0.0000,0.6636,-3.2820,-1.0000,-1.0000
7/10/2007,1,-3.6981,0.0000,0.3600,-3.1934,-1.0000,-1.0000
7/10/2007,2,-5.6811,0.0000,-2.8204,-4.0230,-1.0000,-1.0000
7/10/2007,3,-4.3322,0.0000,-0.8242,-3.3608,-1.0000,-1.0000
7/10/2007,4,-2.5527,0.0000,-0.2410,-1.8811,-1.0000,-1.0000
7/10/2007,5,-0.5423,8.1329,0.0595,-0.3728,-1.0000,-1.0000
7/10/2007,6,2.1290,177.5632,-0.7916,2.1800,62.7500,43.0167
7/10/2007,7,16.7891,420.8774,-3.2830,16.7885,98.0167,85.5667
7/10/2007,8,90.0320,658.5084,3.8898,90.0272,99.6167,95.8833
7/10/2007,9,315.1658,873.3393,87.9473,251.3695,86.8000,68.5500
7/10/2007,10,551.0750,1050.5802,187.0688,382.9446,58.2167,35.4500
7/10/2007,11,854.6455,1178.0996,663.0807,227.7997,5.8667,2.2500
7/10/2007,12,967.9187,1247.1811,743.5136,237.8709,16.3500,11.3167
7/10/2007,13,658.2448,1253.1004,261.4679,397.1635,70.8833,56.9167
7/10/2007,14,671.4128,1195.4435,265.2045,429.1244,69.3500,50.5500
7/10/2007,15,566.8903,1078.1352,247.0436,362.5506,64.5167,46.8333
7/10/2007,16,618.1145,909.1753,546.9991,254.4115,35.7333,21.6500
7/10/2007,17,246.2347,700.1063,122.1228,194.4160,73.4667,55.0333
7/10/2007,18,145.5297,465.2800,18.7380,142.5769,75.6833,47.7667
7/10/2007,19,100.0127,221.2869,189.0831,88.7148,53.1500,29.1167
7/10/2007,20,0.1752,22.6193,0.7206,1.2234,3.5833,2.7167
7/10/2007,21,-3.8136,0.0000,-1.4826,-2.8306,-1.0000,-1.0000
7/10/2007,22,-3.6375,0.0000,0.3148,-2.8844,-1.0000,-1.0000
7/10/2007,23,-2.3916,0.0000,2.8276,-2.5758,-1.0000,-1.0000
7/11/2007,0,-4.4082,0.0000,0.7370,-3.9020,-1.0000,-1.0000
7/11/2007,1,-5.2586,0.0000,-1.5353,-4.1110,-1.0000,-1.0000
7/11/2007,2,-4.5366,0.0000,-0.1296,-3.4541,-1.0000,-1.0000
7/11/2007,3,-3.5586,0.0000,1.0111,-2.9291,-1.0000,-1.0000
7/11/2007,4,-5.6541,0.0000,-0.1096,-4.5902,-1.0000,-1.0000
7/11/2007,5,0.0272,7.4911,6.4335,0.7281,-1.0000,-1.0000
7/11/2007,6,76.3648,175.1458,220.0923,64.1876,29.6667,16.6333
7/11/2007,7,241.5340,418.6572,473.0415,119.6680,13.0000,4.9667
7/11/2007,8,428.0820,656.5469,594.6705,153.1576,10.9833,4.1667
7/11/2007,9,617.1968,871.6542,658.4347,191.1311,6.8833,2.2833
7/11/2007,10,802.6335,1049.1670,753.0970,202.9013,3.1500,1.3000
7/11/2007,11,909.6660,1176.9352,763.2005,216.0801,3.7500,2.5333
7/11/2007,12,1005.4353,1246.2240,792.4337,239.6656,11.6167,6.1500
7/11/2007,13,944.0035,1252.2948,660.6924,308.0446,27.0667,15.1167
7/11/2007,14,552.9299,1194.7225,269.4470,305.2769,65.7000,40.9500
7/11/2007,15,296.6915,1077.4258,108.3307,213.7301,92.1667,72.5000
7/11/2007,16,614.3988,908.4034,498.0490,278.4862,36.1833,16.6833
7/11/2007,17,300.8775,699.2019,150.5669,222.5020,88.1667,67.8333
7/11/2007,18,129.4514,464.1826,14.8839,127.4394,95.1500,69.2167
7/11/2007,19,66.2541,219.9574,17.4947,65.8916,81.9000,45.4333
7/11/2007,20,2.2969,21.9691,-0.9449,2.9206,4.7000,1.9000
7/11/2007,21,-3.1163,0.0000,0.9867,-2.6187,-1.0000,-1.0000
7/11/2007,22,-2.9767,0.0000,-0.2875,-2.5915,-1.0000,-1.0000
7/11/2007,23,-4.2298,0.0000,1.4063,-3.8277,-1.0000,-1.0000
7/12/2007,0,-3.8289,0.0000,0.6633,-3.3122,-1.0000,-1.0000
7/12/2007,1,-3.7067,0.0000,0.6145,-3.1631,-1.0000,-1.0000
7/12/2007,2,-2.8162,0.0000,1.0656,-2.4057,-1.0000,-1.0000
7/12/2007,3,-3.7182,0.0000,-1.1689,-2.7734,-1.0000,-1.0000
7/12/2007,4,-3.2706,0.0000,1.7287,-2.7492,-1.0000,-1.0000
7/12/2007,5,-2.0436,6.8545,0.9596,-1.5583,-1.0000,-1.0000
7/12/2007,6,50.2543,172.6664,3.9234,50.2543,67.5500,46.1667
7/12/2007,7,164.4177,416.3858,66.2047,149.7922,91.0833,60.1833
7/12/2007,8,366.2992,654.5446,259.1892,248.8961,85.0500,52.9833
7/12/2007,9,381.4652,869.9355,92.6029,329.8710,92.7333,71.6667
7/12/2007,10,443.6275,1047.7245,46.4029,416.9805,98.5833,85.6000
7/12/2007,11,590.6132,1175.7414,107.2287,495.4311,93.3000,70.0667
7/12/2007,12,575.8152,1245.2340,99.2089,487.8696,97.7833,85.8000
7/12/2007,13,498.5713,1251.4489,61.9907,446.4590,97.5167,87.0000
7/12/2007,14,624.0067,1193.9511,178.4674,469.4336,87.4167,57.1000
7/12/2007,15,545.3118,1076.6535,195.1563,381.1913,87.9500,60.7333
7/12/2007,16,35.5023,907.5545,-6.2179,35.5947,99.1500,88.2500
7/12/2007,17,27.4848,698.2057,-4.7414,27.4493,99.1167,91.1500
7/12/2007,18,34.4012,462.9795,2.2628,34.2585,98.5500,90.6500
7/12/2007,19,40.6495,218.5108,2.8725,40.6495,67.0833,52.9000
7/12/2007,20,0.3941,21.2705,2.1981,0.7406,0.1833,-0.1833
7/12/2007,21,-3.3544,0.0000,2.4301,-2.1625,-1.0000,-1.0000
7/12/2007,22,-2.7309,0.0000,1.4006,-1.3474,-1.0000,-1.0000
7/12/2007,23,-3.3088,0.0000,0.1854,-2.6314,-1.0000,-1.0000
7/13/2007,0,-4.8716,0.0000,-0.0546,-4.0829,-1.0000,-1.0000
7/13/2007,1,-3.0587,0.0000,0.5473,-2.5870,-1.0000,-1.0000
7/13/2007,2,-3.3385,0.0000,0.1140,-2.6786,-1.0000,-1.0000
7/13/2007,3,-3.1766,0.0000,0.3943,-2.5317,-1.0000,-1.0000
7/13/2007,4,-4.4519,0.0000,-0.2421,-3.6071,-1.0000,-1.0000
7/13/2007,5,0.6962,6.2360,12.4285,1.4609,-1.0000,-1.0000
7/13/2007,6,79.2131,170.1274,243.3172,61.6757,9.1833,3.6833
7/13/2007,7,211.4098,414.0649,393.5635,108.9608,11.1333,4.2000
7/13/2007,8,466.6540,652.5030,730.4465,128.8355,7.0333,2.9500
7/13/2007,9,638.5053,868.1847,756.7552,145.2865,9.9167,2.5833
7/13/2007,10,821.6710,1046.2533,814.2192,168.5760,8.0333,1.7500
7/13/2007,11,928.3952,1174.5186,810.8410,178.9114,6.3667,2.3000
7/13/2007,12,1028.6900,1244.2110,934.6578,117.9420,2.4000,1.8667
7/13/2007,13,1025.4233,1250.5627,936.9335,110.9190,1.9000,1.9000
7/13/2007,14,962.9288,1193.1286,914.0210,118.9481,1.8667,1.8667
7/13/2007,15,843.6812,1075.8171,882.3690,119.3960,1.6333,1.3167
7/13/2007,16,602.3050,906.6273,687.8492,138.1196,6.0000,3.5833
7/13/2007,17,475.9087,697.1169,674.7961,141.9040,10.7667,6.6333
7/13/2007,18,173.4466,461.6697,225.7657,97.4553,55.1667,40.0833
7/13/2007,19,24.8506,216.9462,-0.2593,24.8506,86.2167,66.1500
7/13/2007,20,-1.6595,20.5357,-1.2147,-0.9344,2.7833,1.2000
7/13/2007,21,-3.6843,0.0000,0.1125,-3.0038,-1.0000,-1.0000
7/13/2007,22,-3.7715,0.0000,-1.0406,-2.9986,-1.0000,-1.0000
7/13/2007,23,-3.5073,0.0000,0.5461,-2.9102,-1.0000,-1.0000
7/14/2007,0,-4.2846,0.0000,0.3229,-3.5108,-1.0000,-1.0000
7/14/2007,1,-2.6148,0.0000,0.9234,-2.3085,-1.0000,-1.0000
7/14/2007,2,-2.7157,0.0000,0.5250,-2.2663,-1.0000,-1.0000
7/14/2007,3,-3.4419,0.0000,0.8034,-2.9961,-1.0000,-1.0000
7/14/2007,4,-3.9096,0.0000,0.4310,-3.2642,-1.0000,-1.0000
7/14/2007,5,-1.7318,5.6360,4.4107,-0.9560,-1.0000,-1.0000
7/14/2007,6,71.8293,167.5305,309.1292,48.5148,2.7667,2.7667
7/14/2007,7,255.5762,411.6964,663.6873,81.8876,2.1167,2.0333
7/14/2007,8,449.8598,650.4237,782.0512,85.3422,3.0500,2.1000
7/14/2007,9,655.3557,866.4027,866.8313,90.6586,2.4000,1.4000
7/14/2007,10,830.9770,1044.7541,903.2270,101.6180,1.8333,1.4000
7/14/2007,11,950.0648,1173.2673,917.7807,111.1127,1.6000,1.6000
7/14/2007,12,1013.0480,1243.1547,911.5427,125.6180,2.0536,2.0179
7/14/2007,13,881.0902,1249.6351,670.6548,216.5852,18.4333,11.0000
7/14/2007,14,516.8748,1192.2540,340.1923,208.0539,42.1333,28.6667
7/14/2007,15,696.5057,1074.9157,594.5443,193.3022,21.0000,13.0167
7/14/2007,16,276.1342,905.6208,115.1911,191.8031,84.5167,68.6000
7/14/2007,17,40.7396,695.9340,-4.9337,40.7620,98.8000,87.2333
7/14/2007,18,119.1484,460.2522,17.6459,117.2782,93.0833,73.1000
7/14/2007,19,54.3795,215.2629,23.8776,53.2706,44.1333,22.1667
7/14/2007,20,1.1746,19.7622,0.4822,1.3809,0.6500,0.1500
7/14/2007,21,-2.1227,0.0000,0.5194,-1.9141,-1.0000,-1.0000
7/14/2007,22,-3.7903,0.0000,-0.0432,-3.0919,-1.0000,-1.0000
7/14/2007,23,-3.3994,0.0000,0.6228,-3.0342,-1.0000,-1.0000
7/15/2007,0,-4.5650,0.0000,-0.2800,-3.6920,-1.0000,-1.0000
7/15/2007,1,-3.6087,0.0000,0.2860,-3.1303,-1.0000,-1.0000
7/15/2007,2,-3.6336,0.0000,0.3903,-3.0982,-1.0000,-1.0000
7/15/2007,3,-3.6061,0.0000,0.3138,-3.0095,-1.0000,-1.0000
7/15/2007,4,-3.5294,0.0000,0.2159,-3.0593,-1.0000,-1.0000
7/15/2007,5,-0.9396,5.0508,14.6810,0.3342,-1.0000,-1.0000
7/15/2007,6,75.3210,164.8781,359.0453,53.4608,2.4000,2.4000
7/15/2007,7,251.2650,409.2819,642.4523,85.2116,2.7000,2.2500
7/15/2007,8,452.8083,648.3076,783.4110,91.9055,2.9667,1.9667
7/15/2007,9,652.7868,864.5904,843.7448,106.1657,2.3333,1.3333
7/15/2007,10,779.8250,1043.2273,773.5075,150.3507,4.0167,2.6833
7/15/2007,11,951.7788,1171.9869,901.1362,133.5968,3.8000,2.7500
7/15/2007,12,1019.7150,1242.0647,911.8950,136.8342,4.2833,3.1000
7/15/2007,13,927.2742,1248.6654,725.1767,211.8456,18.1000,12.9500
7/15/2007,14,927.4860,1191.3261,781.0215,203.3735,12.5333,7.0000
7/15/2007,15,873.6818,1073.9478,759.0878,259.1208,32.0500,17.1000
7/15/2007,16,580.1865,904.5334,365.8344,320.8640,72.9833,52.7500
7/15/2007,17,494.9775,694.6558,632.5275,187.2995,37.8167,21.5667
7/15/2007,18,225.0816,458.7259,454.7336,82.9206,9.3167,4.8333
7/15/2007,19,63.2439,213.4603,158.3270,52.4381,20.9107,13.9821
7/15/2007,20,0.6021,18.9578,8.8000,1.2720,0.1833,-0.0167
7/15/2007,21,-4.3023,0.0000,-0.0357,-3.6370,-1.0000,-1.0000
7/15/2007,22,-4.3037,0.0000,-0.0984,-3.6539,-1.0000,-1.0000
7/15/2007,23,-4.3240,0.0000,-0.0120,-3.6597,-1.0000,-1.0000
7/16/2007,0,-4.0145,0.0000,-0.0651,-3.3744,-1.0000,-1.0000
7/16/2007,1,-3.8430,0.0000,0.0548,-3.2455,-1.0000,-1.0000
7/16/2007,2,-3.7708,0.0000,0.2853,-3.2328,-1.0000,-1.0000
7/16/2007,3,-3.8121,0.0000,0.1337,-3.2665,-1.0000,-1.0000
7/16/2007,4,-3.8182,0.0000,0.2040,-3.2630,-1.0000,-1.0000
7/16/2007,5,-1.5977,4.4837,8.2537,-0.5693,-1.0000,-1.0000
7/16/2007,6,66.9241,162.1722,256.5999,49.1056,2.4667,2.3333
7/16/2007,7,244.9672,406.8231,593.8548,94.4883,2.6333,2.3667
7/16/2007,8,447.0385,646.1562,754.9398,102.2229,3.1000,2.1000
7/16/2007,9,637.7557,862.7486,805.9843,119.0265,2.4333,1.5167
7/16/2007,10,813.3737,1041.6729,853.0193,135.1240,1.2000,1.0500
7/16/2007,11,945.1358,1170.6776,873.6900,153.7393,0.2931,0.2931
7/16/2007,12,1008.0972,1240.9404,873.0305,167.4502,0.9167,0.8000
7/16/2007,13,1012.0200,1247.6527,858.4370,182.4961,4.7667,3.5500
7/16/2007,14,839.0845,1190.3438,573.8635,308.3793,28.7333,18.3000
7/16/2007,15,284.5498,1072.9121,14.5784,275.6254,93.7833,77.8167
7/16/2007,16,590.9575,903.3639,382.1401,346.0711,81.7833,62.0667
7/16/2007,17,185.3685,693.2811,10.0205,181.6085,95.1500,82.5000
7/16/2007,18,159.0350,457.0898,89.4994,140.7666,97.4500,81.4667
7/16/2007,19,99.2836,211.5377,186.2434,87.2762,71.5500,39.1500
7/16/2007,20,1.6951,18.1173,6.8582,2.4824,2.7833,1.2667
7/16/2007,21,-5.3702,0.0000,-0.3611,-4.6789,-1.0000,-1.0000
7/16/2007,22,-4.7769,0.0000,-0.2197,-3.9920,-1.0000,-1.0000
7/16/2007,23,-4.0999,0.0000,0.2954,-3.4814,-1.0000,-1.0000
7/17/2007,0,-4.7249,0.0000,0.3337,-4.0079,-1.0000,-1.0000
7/17/2007,1,-3.4351,0.0000,0.6386,-3.0162,-1.0000,-1.0000
7/17/2007,2,-3.5376,0.0000,0.5308,-3.0065,-1.0000,-1.0000
7/17/2007,3,-4.8739,0.0000,0.6065,-4.1517,-1.0000,-1.0000
7/17/2007,4,-4.6677,0.0000,-0.0002,-3.8011,-1.0000,-1.0000
7/17/2007,5,-2.8209,3.9469,0.1544,-2.1511,-1.0000,-1.0000
7/17/2007,6,66.8936,159.4147,293.1910,49.8954,1.0167,1.0000
7/17/2007,7,240.5845,404.3214,594.8548,91.3030,2.0333,1.2500
7/17/2007,8,440.5952,643.9703,733.9648,107.7267,2.5167,1.0000
7/17/2007,9,644.7802,860.8775,812.4770,126.9100,3.3833,1.3500
7/17/2007,10,793.0488,1040.0913,796.4895,155.3391,5.4333,2.5500
7/17/2007,11,949.8058,1169.3387,890.6543,141.8198,3.6333,1.5500
7/17/2007,12,1026.3395,1239.7806,896.2515,167.9843,7.4500,3.7000
7/17/2007,13,1029.5613,1246.5957,891.4300,169.5543,9.9667,5.7333
7/17/2007,14,347.9313,1189.3056,180.3419,169.8780,61.6333,41.4667
7/17/2007,15,65.8222,1071.8071,-3.1023,65.8222,98.3000,81.0333
7/17/2007,16,268.7952,902.1107,3.0362,268.7952,98.9167,92.3333
7/17/2007,17,107.1538,691.8087,-2.9721,107.1538,98.7500,91.5500
7/17/2007,18,45.4612,455.3431,0.7064,45.4612,98.1833,90.9833
7/17/2007,19,15.1475,209.4949,-2.6569,15.1475,83.4333,52.2833
7/17/2007,20,-0.7516,17.2583,-1.1856,-1.4077,2.0167,0.8333
7/17/2007,21,-1.0378,0.0000,1.0192,-1.0830,-1.0000,-1.0000
7/17/2007,22,-1.7118,0.0000,0.3170,-1.4540,-1.0000,-1.0000
7/17/2007,23,-2.5120,0.0000,0.8788,-2.1601,-1.0000,-1.0000
7/18/2007,0,-3.7330,0.0000,0.9518,-3.2853,-1.0000,-1.0000
7/18/2007,1,-2.6321,0.0000,1.8160,-2.5662,-1.0000,-1.0000
7/18/2007,2,-4.4136,0.0000,0.1851,-3.7650,-1.0000,-1.0000
7/18/2007,3,-3.6857,0.0000,0.5583,-2.9820,-1.0000,-1.0000
7/18/2007,4,-3.9118,0.0000,0.3808,-3.3046,-1.0000,-1.0000
7/18/2007,5,-0.3658,3.4367,1.1571,0.0199,-1.0000,-1.0000
7/18/2007,6,71.5582,156.6077,302.2605,49.8341,1.9000,1.1167
7/18/2007,7,241.5765,401.7780,639.8923,77.1029,1.1333,1.1333
7/18/2007,8,449.2970,641.7509,801.4938,80.9379,0.2000,0.2000
7/18/2007,9,642.4510,858.9779,866.7922,83.9999,0.3833,0.3833
7/18/2007,10,809.3088,1038.4819,899.6152,93.5760,0.7833,0.6333
7/18/2007,11,954.6927,1167.9697,907.5092,133.6999,10.3667,6.7167
7/18/2007,12,1038.7007,1238.5846,872.3145,191.2636,25.1000,16.8833
7/18/2007,13,507.1273,1245.4932,114.3851,387.8734,77.8167,63.0167
7/18/2007,14,618.5517,1188.2101,299.5484,336.6876,59.0167,42.6000
7/18/2007,15,580.7962,1070.6312,255.0122,360.1998,67.7000,49.6333
7/18/2007,16,190.3143,900.7725,-1.4713,189.1742,93.4000,82.0167
7/18/2007,17,24.3380,690.2371,-4.0971,24.3382,98.5357,87.8393
7/18/2007,18,15.8917,453.4846,-2.3792,15.9691,98.3333,88.2000
7/18/2007,19,23.8535,207.3312,4.5205,23.6374,84.7000,56.2833
7/18/2007,20,0.7009,16.3678,1.4008,0.7445,0.7333,-0.0667
7/18/2007,21,-2.0944,0.0000,-0.4122,-1.5993,-1.0000,-1.0000
7/18/2007,22,-2.3726,0.0000,0.5985,-2.0582,-1.0000,-1.0000
7/18/2007,23,-2.7792,0.0000,0.5518,-2.3581,-1.0000,-1.0000
7/19/2007,0,-3.3777,0.0000,0.1689,-2.8677,-1.0000,-1.0000
7/19/2007,1,-3.8369,0.0000,-1.4747,-2.9609,-1.0000,-1.0000
7/19/2007,2,-3.9813,0.0000,-0.4737,-3.0246,-1.0000,-1.0000
7/19/2007,3,-3.5831,0.0000,0.2092,-2.9032,-1.0000,-1.0000
7/19/2007,4,-3.3011,0.0000,0.5332,-2.7368,-1.0000,-1.0000
7/19/2007,5,0.2139,2.9524,3.9638,0.4722,-1.0000,-1.0000
7/19/2007,6,74.8782,153.7530,170.7726,68.4579,49.5333,27.1667
7/19/2007,7,146.9948,399.1942,21.0414,143.8288,78.5500,53.5500
7/19/2007,8,186.7665,639.4985,3.0179,186.5372,91.6333,75.2500
7/19/2007,9,169.7932,857.0496,6.4939,166.6876,99.4500,84.9500
7/19/2007,10,414.7278,1036.8449,59.3068,367.1886,95.2667,70.0000
7/19/2007,11,213.0648,1166.5698,6.9079,206.7821,94.7500,60.7500
7/19/2007,12,632.8613,1237.3513,96.2589,542.9537,96.0500,76.3500
7/19/2007,13,714.6722,1244.3438,221.2280,487.7241,75.6333,53.6500
7/19/2007,14,629.4832,1187.0556,173.5478,455.7856,76.9500,47.4167
7/19/2007,15,353.4865,1069.3830,9.7182,352.9734,93.6500,72.9333
7/19/2007,16,235.2768,899.3478,1.3013,234.5151,97.9500,82.4667
7/19/2007,17,121.1960,688.5655,-0.9538,121.1960,97.8167,87.2667
7/19/2007,18,74.9561,451.5137,0.0942,74.9561,97.6667,90.5000
7/19/2007,19,35.4447,205.0464,-0.1038,35.4447,92.5833,70.0500
7/19/2007,20,-1.9682,15.4616,-1.8583,-1.2725,3.4333,1.2667
7/19/2007,21,-2.5870,0.0000,1.0379,-2.1413,-1.0000,-1.0000
7/19/2007,22,-4.2450,0.0000,-0.2378,-3.8800,-1.0000,-1.0000
7/19/2007,23,-3.1853,0.0000,0.3104,-2.8586,-1.0000,-1.0000
7/20/2007,0,-2.2605,0.0000,0.7663,-2.0525,-1.0000,-1.0000
7/20/2007,1,-3.9266,0.0000,0.3316,-3.4708,-1.0000,-1.0000
7/20/2007,2,-1.8197,0.0000,1.0844,-1.7006,-1.0000,-1.0000
7/20/2007,3,-3.1603,0.0000,0.5670,-2.7591,-1.0000,-1.0000
7/20/2007,4,-3.1758,0.0000,0.3641,-2.7272,-1.0000,-1.0000
7/20/2007,5,-0.9003,2.4962,3.2001,-0.1992,-1.0000,-1.0000
7/20/2007,6,50.4993,150.8523,89.7800,44.9041,34.8167,17.3167
7/20/2007,7,215.0240,396.5713,431.1070,114.5401,33.4500,19.5500
7/20/2007,8,322.2980,637.2141,398.4335,137.1693,23.5500,15.3833
7/20/2007,9,571.7987,855.0930,648.5827,143.7200,10.5000,6.9000
7/20/2007,10,792.6457,1035.1795,840.3708,116.6498,3.6500,1.8000
7/20/2007,11,913.4737,1165.1384,858.8388,129.8194,1.4000,1.0167
7/20/2007,12,996.5605,1236.0794,873.5643,153.5326,3.9500,2.3000
7/20/2007,13,1009.4073,1243.1459,919.5130,118.0411,2.0000,1.0000
7/20/2007,14,948.8280,1185.8409,902.5032,116.4632,0.8000,0.1833
7/20/2007,15,829.2047,1068.0610,873.4423,113.2267,1.6000,0.6667
7/20/2007,16,666.7293,897.8355,820.9283,116.4631,5.9000,3.2167
7/20/2007,17,421.8027,686.7927,654.0284,95.0390,4.0500,2.0833
7/20/2007,18,240.2728,449.4297,501.7720,91.2899,9.6167,5.9500
7/20/2007,19,44.1160,202.6405,94.2808,30.4927,4.9833,3.5667
7/20/2007,20,-3.1296,14.5421,-0.5104,-2.1106,-0.8000,-0.8000
7/20/2007,21,-5.8439,0.0000,0.0867,-5.0159,-1.0000,-1.0000
7/20/2007,22,-4.9904,0.0000,1.3538,-4.4108,-1.0000,-1.0000
7/20/2007,23,-3.9566,0.0000,1.1208,-3.7720,-1.0000,-1.0000
7/21/2007,0,-4.0034,0.0000,1.7383,-3.7359,-1.0000,-1.0000
7/21/2007,1,-3.4135,0.0000,0.8483,-3.2629,-1.0000,-1.0000
7/21/2007,2,-3.4490,0.0000,0.7157,-2.9357,-1.0000,-1.0000
7/21/2007,3,-4.0081,0.0000,0.4673,-3.1530,-1.0000,-1.0000
7/21/2007,4,-4.1641,0.0000,0.4049,-3.3013,-1.0000,-1.0000
7/21/2007,5,-3.1398,2.0708,2.7208,-2.2368,-1.0000,-1.0000
7/21/2007,6,45.2010,147.9076,171.9236,33.1027,1.4667,1.0167
7/21/2007,7,241.8525,393.9101,606.7802,92.4742,5.3167,4.0167
7/21/2007,8,369.8143,634.8981,385.4202,172.9508,24.9500,16.2000
7/21/2007,9,610.7333,853.1081,749.5446,120.3444,6.7333,3.5833
7/21/2007,10,811.2383,1033.4857,887.7482,106.7490,4.9167,2.2000
7/21/2007,11,939.5672,1163.6744,905.4778,120.5181,2.1833,1.4000
7/21/2007,12,1014.1237,1234.7680,913.6857,128.9133,4.0167,2.4667
7/21/2007,13,981.9957,1241.8985,777.0228,217.7769,18.5500,10.9833
7/21/2007,14,922.5832,1184.5643,709.4757,259.3661,23.9333,13.0333
7/21/2007,15,846.3618,1066.6637,780.9588,189.2632,16.9500,8.5500
7/21/2007,16,627.1330,896.2340,720.6772,140.8863,17.5167,10.9167
7/21/2007,17,260.5771,684.9176,160.9600,171.8490,73.3500,51.6833
7/21/2007,18,13.4835,447.2320,-4.1131,14.1836,95.5500,74.6667
7/21/2007,19,16.4255,200.1133,1.4297,16.4305,89.9500,61.1833
7/21/2007,20,0.3429,13.6065,0.3753,0.5933,0.5833,-0.4000
7/21/2007,21,-4.1625,0.0000,0.5479,-3.6965,-1.0000,-1.0000
7/21/2007,22,-4.6852,0.0000,0.0689,-4.1293,-1.0000,-1.0000
7/21/2007,23,-6.1990,0.0000,0.3057,-5.3035,-1.0000,-1.0000
7/22/2007,0,-4.2274,0.0000,1.0179,-3.9582,-1.0000,-1.0000
7/22/2007,1,-4.0977,0.0000,1.2128,-3.7889,-1.0000,-1.0000
7/22/2007,2,-3.9251,0.0000,0.2144,-3.3555,-1.0000,-1.0000
7/22/2007,3,-3.9331,0.0000,0.2997,-3.3712,-1.0000,-1.0000
7/22/2007,4,-3.8337,0.0000,0.3338,-3.3109,-1.0000,-1.0000
7/22/2007,5,-3.0073,1.6854,3.5397,-2.2608,-1.0000,-1.0000
7/22/2007,6,64.4778,144.9204,348.9115,44.2550,0.5333,0.5333
7/22/2007,7,238.2127,391.2119,681.8803,69.9916,1.0000,1.0000
7/22/2007,8,439.6787,632.5510,813.2357,71.8762,0.1000,0.1000
7/22/2007,9,642.4830,851.0950,882.5945,79.1950,0.2667,0.2667
7/22/2007,10,814.7168,1031.7628,926.2200,81.8184,0.0000,0.0000
7/22/2007,11,946.5208,1162.1772,956.4917,82.9863,0.0000,0.0000
7/22/2007,12,1015.7465,1233.4157,970.2000,82.4111,0.0000,0.0000
7/22/2007,13,1015.4155,1240.6001,960.0900,86.6445,0.0833,0.0833
7/22/2007,14,955.0280,1183.2244,935.4133,95.4728,0.0333,0.0333
7/22/2007,15,839.3212,1065.1898,914.6200,90.7913,0.0000,0.0000
7/22/2007,16,682.2380,894.5422,876.7498,96.1046,1.2500,0.9667
7/22/2007,17,485.2118,682.9395,813.6497,90.0032,2.4500,1.7000
7/22/2007,18,274.9315,444.9200,694.0597,77.3845,1.0000,1.0000
7/22/2007,19,79.8523,197.4652,350.2463,43.8523,0.9167,0.9167
7/22/2007,20,-5.4194,12.6605,-0.5733,-4.6144,-0.9500,-0.9500
7/22/2007,21,-7.2321,0.0000,-0.0486,-6.1170,-1.0000,-1.0000
7/22/2007,22,-3.7673,0.0000,-1.4500,-2.8248,-1.0000,-1.0000
7/22/2007,23,-5.0997,0.0000,-0.3081,-4.0799,-1.0000,-1.0000
7/23/2007,0,-4.3110,0.0000,1.0002,-3.6575,-1.0000,-1.0000
7/23/2007,1,-3.7476,0.0000,0.5004,-3.5127,-1.0000,-1.0000
7/23/2007,2,-3.6679,0.0000,0.1489,-3.2338,-1.0000,-1.0000
7/23/2007,3,-3.4026,0.0000,0.2663,-2.9780,-1.0000,-1.0000
7/23/2007,4,-3.6267,0.0000,0.2952,-3.1692,-1.0000,-1.0000
7/23/2007,5,-2.3069,1.3367,2.9563,-1.8001,-1.0000,-1.0000
7/23/2007,6,61.8625,141.8928,328.2765,44.9110,0.5000,0.5000
7/23/2007,7,231.5013,388.4774,625.1083,79.5893,2.9667,2.3167
7/23/2007,8,430.1163,630.1733,760.9540,88.1426,2.9167,1.9167
7/23/2007,9,626.0958,849.0536,842.6335,93.0917,0.6833,0.6000
7/23/2007,10,801.8410,1030.0105,888.6037,97.4112,0.0000,0.0000
7/23/2007,11,928.6127,1160.6457,910.9855,104.9384,0.0667,0.0667
7/23/2007,12,995.0107,1232.0213,920.3697,110.0757,0.5833,0.4000
7/23/2007,13,999.3265,1239.2491,894.6832,125.5456,2.7833,1.5833
7/23/2007,14,942.4407,1181.8198,885.0355,133.3396,3.6607,1.8214
7/23/2007,15,815.1535,1063.6378,816.2611,149.7573,9.5667,5.2667
7/23/2007,16,454.9427,892.7591,384.6070,185.5763,36.7167,27.6333
7/23/2007,17,502.5347,680.8574,657.9859,182.5382,39.2500,28.4000
7/23/2007,18,112.4350,442.4933,41.5580,102.6974,68.8333,42.8833
7/23/2007,19,38.8881,194.6961,9.4084,37.4065,55.4500,31.2333
7/23/2007,20,-0.3655,11.7219,0.9898,-0.6178,-0.3667,-0.5833
7/23/2007,21,-3.8584,0.0000,0.8288,-3.4110,-1.0000,-1.0000
7/23/2007,22,-4.3508,0.0000,0.2839,-3.8719,-1.0000,-1.0000
7/23/2007,23,-6.1781,0.0000,0.0711,-5.1278,-1.0000,-1.0000
7/24/2007,0,-5.5527,0.0000,0.0697,-4.6371,-1.0000,-1.0000
7/24/2007,1,-4.2448,0.0000,0.4294,-3.3394,-1.0000,-1.0000
7/24/2007,2,-3.7952,0.0000,0.5042,-3.0654,-1.0000,-1.0000
7/24/2007,3,-3.9877,0.0000,0.3460,-3.4219,-1.0000,-1.0000
7/24/2007,4,-4.1591,0.0000,0.0737,-3.4674,-1.0000,-1.0000
7/24/2007,5,-3.4934,1.0243,1.3678,-2.8444,-1.0000,-1.0000
7/24/2007,6,57.1641,138.8262,296.3428,40.0575,0.5167,0.5167
7/24/2007,7,220.9543,385.7078,603.8532,73.4959,2.5833,2.2167
7/24/2007,8,417.4270,627.7654,716.5842,92.2465,4.1333,2.7333
7/24/2007,9,614.2748,846.9838,799.6960,104.6722,3.6667,1.8833
7/24/2007,10,785.2497,1028.2279,841.9010,114.7824,2.4000,1.2000
7/24/2007,11,883.5110,1159.0790,808.1735,144.0462,0.5167,0.3333
7/24/2007,12,1005.8107,1230.5836,903.1552,135.1292,0.0000,0.0000
7/24/2007,13,1044.6983,1237.8443,968.6557,113.9748,0.1167,0.1167
7/24/2007,14,967.0467,1180.3490,938.9598,108.4388,0.0000,0.0000
7/24/2007,15,843.4420,1062.0064,910.6793,102.6267,0.0000,0.0000
7/24/2007,16,677.6998,890.8834,874.8700,95.7875,0.0000,0.0000
7/24/2007,17,477.5768,678.6704,793.9837,93.2666,3.1000,2.5500
7/24/2007,18,111.0760,439.9518,142.0914,61.1327,15.4833,12.2333
7/24/2007,19,41.3524,191.8066,29.5264,41.2788,40.6500,17.1333
7/24/2007,20,-2.9754,10.7829,-0.2766,-1.9122,-0.8833,-0.9167
7/24/2007,21,-5.5878,0.0000,0.2656,-4.6840,-1.0000,-1.0000
7/24/2007,22,-4.5813,0.0000,0.5310,-4.1507,-1.0000,-1.0000
7/24/2007,23,-4.5895,0.0000,0.5463,-3.9714,-1.0000,-1.0000
7/25/2007,0,-4.5143,0.0000,0.1981,-3.8927,-1.0000,-1.0000
7/25/2007,1,-3.4497,0.0000,2.6048,-3.1467,-1.0000,-1.0000
7/25/2007,2,-4.7544,0.0000,0.8585,-4.3742,-1.0000,-1.0000
7/25/2007,3,-5.4176,0.0000,0.8328,-4.6133,-1.0000,-1.0000
7/25/2007,4,-3.8907,0.0000,0.4331,-3.4110,-1.0000,-1.0000
7/25/2007,5,0.9403,0.7499,4.2003,1.5477,-1.0000,-1.0000
7/25/2007,6,96.5454,135.7223,337.7175,82.3538,21.2667,4.1000
7/25/2007,7,283.0787,382.9038,561.4147,151.8731,42.9833,5.8167
7/25/2007,8,424.8735,625.3277,671.4710,120.6095,17.0667,10.3500
7/25/2007,9,519.9212,844.8854,599.9865,133.2354,11.7500,7.4167
7/25/2007,10,773.1428,1026.4148,809.6290,128.1728,3.8167,1.2667
7/25/2007,11,940.9095,1157.4762,925.8600,109.7113,1.7333,1.2500
7/25/2007,12,999.6420,1229.1015,924.4917,114.0606,5.5667,3.6500
7/25/2007,13,1022.4067,1236.3841,926.0413,134.8603,10.4500,6.3167
7/25/2007,14,900.7725,1178.8106,718.3723,248.3217,22.9167,8.5500
7/25/2007,15,232.2508,1060.2943,83.6019,155.0971,71.9667,55.8500
7/25/2007,16,171.6657,888.9141,-2.3884,171.6657,98.0667,87.2833
7/25/2007,17,65.8357,676.3782,-0.8722,65.8357,97.8000,86.7000
7/25/2007,18,75.7289,437.2950,0.9354,75.7289,98.0833,90.4333
7/25/2007,19,21.4276,188.7970,-0.3612,21.4093,43.9630,37.6296
7/25/2007,20,-1.7116,9.8491,-1.5426,-1.0859,-1.0000,-1.0000
7/25/2007,21,-3.2917,0.0000,0.5069,-2.6392,-1.0000,-1.0000
7/25/2007,22,-2.0757,0.0000,0.7069,-1.8793,-1.0000,-1.0000
7/25/2007,23,-3.4277,0.0000,-0.3382,-2.9277,-1.0000,-1.0000
7/26/2007,0,-3.8888,0.0000,0.5162,-3.4180,-1.0000,-1.0000
7/26/2007,1,-3.8212,0.0000,0.0392,-3.3498,-1.0000,-1.0000
7/26/2007,2,-3.8135,0.0000,-0.1664,-3.2803,-1.0000,-1.0000
7/26/2007,3,-3.2688,0.0000,0.4260,-2.8212,-1.0000,-1.0000
7/26/2007,4,-3.5978,0.0000,0.1147,-3.1172,-1.0000,-1.0000
7/26/2007,5,-2.7594,0.5152,0.2685,-2.1354,-1.0000,-1.0000
7/26/2007,6,31.8853,132.5831,2.9364,31.8886,35.3333,15.1833
7/26/2007,7,204.9027,380.0661,282.2601,133.4596,49.6167,21.6000
7/26/2007,8,487.1253,622.8603,499.5346,259.7352,69.1667,38.4833
7/26/2007,9,650.7602,842.7583,739.6452,182.0846,19.3167,6.8667
7/26/2007,10,805.4608,1024.5702,564.9878,337.8920,50.6833,25.9000
7/26/2007,11,760.9055,1155.8363,346.9737,464.0134,66.4333,41.3333
7/26/2007,12,386.0817,1227.5735,20.5510,367.9051,93.7593,66.6481
7/26/2007,13,228.0717,1234.8674,8.9403,219.7060,99.0000,83.0400
7/26/2007,14,780.8482,1177.2031,470.7245,392.3275,31.7959,17.6939
7/26/2007,15,825.9095,1058.5003,832.5602,157.3462,6.6333,3.1000
7/26/2007,16,625.4992,886.8501,618.1678,214.9650,18.8000,11.0500
7/26/2007,17,387.4483,673.9798,402.1441,185.5133,38.6833,28.1833
7/26/2007,18,115.3243,434.5226,2.6341,115.3167,81.7000,61.9333
7/26/2007,19,30.4605,185.6681,-1.3195,30.4605,59.9000,42.7500
7/26/2007,20,-1.5461,8.9261,-0.9157,-1.0435,-1.0000,-1.0000
7/26/2007,21,-3.9833,0.0000,-0.8110,-3.3764,-1.0000,-1.0000
7/26/2007,22,-4.3153,0.0000,-0.0343,-3.6357,-1.0000,-1.0000
7/26/2007,23,-3.0764,0.0000,0.7277,-2.6332,-1.0000,-1.0000
7/27/2007,0,-2.0006,0.0000,-0.1181,-1.6236,-1.0000,-1.0000
7/27/2007,1,-2.1819,0.0000,-0.1700,-1.7667,-1.0000,-1.0000
7/27/2007,2,-1.6544,0.0000,0.5833,-1.3489,-1.0000,-1.0000
7/27/2007,3,-1.8670,0.0000,0.9708,-1.6048,-1.0000,-1.0000
7/27/2007,4,-2.9387,0.0000,0.6049,-2.4425,-1.0000,-1.0000
7/27/2007,5,-1.6409,0.3215,1.4995,-1.4459,-1.0000,-1.0000
7/27/2007,6,23.0752,129.4097,6.5176,22.7436,46.1500,23.5000
7/27/2007,7,157.0658,377.1955,76.5281,139.7151,89.8667,65.2000
7/27/2007,8,173.7585,620.3636,3.4604,173.5105,98.6833,92.3167
7/27/2007,9,237.5902,840.6020,4.4626,237.3960,99.1833,84.4000
7/27/2007,10,286.8890,1022.6935,12.1897,280.6611,99.1833,79.9500
7/27/2007,11,355.3840,1154.1582,10.3926,352.1084,96.9833,70.3167
7/27/2007,12,664.9265,1225.9984,251.1710,428.6898,65.0000,44.0833
7/27/2007,13,737.8305,1233.2927,310.7919,437.3797,69.7167,42.8833
7/27/2007,14,666.4995,1175.5256,191.7380,489.6803,73.0167,40.4167
7/27/2007,15,841.8312,1056.6234,669.3605,312.8254,34.7833,19.7833
7/27/2007,16,318.7827,884.6908,56.9775,277.4160,87.4833,72.0333
7/27/2007,17,20.0867,671.4748,-8.0229,20.5627,94.4500,78.6000
7/27/2007,18,4.6052,431.6349,1.9519,4.1567,89.9000,65.3167
7/27/2007,19,2.5296,182.4203,0.7345,0.2018,67.8333,49.4667
7/27/2007,20,0.5447,8.0197,0.9040,-2.5348,-1.0000,-1.0000
7/27/2007,21,0.0312,0.0000,1.3431,-1.3700,-1.0000,-1.0000
7/27/2007,22,-0.2650,0.0000,2.1434,-1.7627,-1.0000,-1.0000
7/27/2007,23,-0.3918,0.0000,0.5936,-0.8957,-1.0000,-1.0000
7/28/2007,0,-0.3417,0.0000,0.3223,-0.3569,-1.0000,-1.0000
7/28/2007,1,-0.4775,0.0000,0.8945,-0.4165,-1.0000,-1.0000
7/28/2007,2,0.5565,0.0000,2.1075,0.0770,-1.0000,-1.0000
7/28/2007,3,-0.1338,0.0000,1.8680,-0.9737,-1.0000,-1.0000
7/28/2007,4,-1.4551,0.0000,1.8112,-1.5967,-1.0000,-1.0000
7/28/2007,5,-1.1554,0.1703,1.8397,-1.0170,-1.0000,-1.0000
7/28/2007,6,32.1253,126.2041,15.2225,31.0001,26.9000,11.6667
7/28/2007,7,174.5367,374.2928,155.3042,145.2825,61.1333,40.2667
7/28/2007,8,189.4632,617.8377,21.8219,180.5304,97.5167,88.2833
7/28/2007,9,265.2745,838.4164,7.3840,265.2745,97.8667,83.9333
7/28/2007,10,379.0652,1020.7842,7.6493,379.0652,98.3667,86.2833
7/28/2007,11,408.4610,1152.4408,6.1390,408.4610,98.0714,74.9464
7/28/2007,12,660.5668,1224.3751,29.9993,644.7701,96.3667,66.2333
7/28/2007,13,604.6617,1231.6587,61.5496,533.4273,85.0167,56.0167
7/28/2007,14,496.1453,1173.7763,75.2261,432.8827,90.2500,62.0500
7/28/2007,15,650.4872,1054.6622,394.7643,324.6583,49.3167,31.4833
7/28/2007,16,289.7258,882.4352,36.9216,265.3773,81.6000,63.4167
7/28/2007,17,189.3838,668.8630,4.8946,188.0506,95.0833,78.7500
7/28/2007,18,201.6355,428.6318,192.3565,164.6813,87.6000,62.1667
7/28/2007,19,69.3768,179.0544,95.4832,63.3081,66.7667,37.1833
7/28/2007,20,0.3738,7.1353,-1.4089,0.9656,-1.0000,-1.0000
7/28/2007,21,-4.3105,0.0000,-0.0154,-3.5305,-1.0000,-1.0000
7/28/2007,22,-4.0599,0.0000,0.7134,-3.3538,-1.0000,-1.0000
7/28/2007,23,-3.4682,0.0000,0.3505,-3.0288,-1.0000,-1.0000
7/29/2007,0,-2.8426,0.0000,0.6022,-2.3744,-1.0000,-1.0000
7/29/2007,1,-3.0235,0.0000,0.2841,-2.5236,-1.0000,-1.0000
7/29/2007,2,-3.6128,0.0000,0.1355,-2.8392,-1.0000,-1.0000
7/29/2007,3,-3.3573,0.0000,0.3241,-2.5839,-1.0000,-1.0000
7/29/2007,4,-3.4861,0.0000,0.1138,-2.6728,-1.0000,-1.0000
7/29/2007,5,-2.2643,0.0673,0.4308,-1.6267,-1.0000,-1.0000
7/29/2007,6,49.7532,122.9676,204.7548,41.5730,3.1667,2.3333
7/29/2007,7,216.6457,371.3584,559.8092,88.0869,4.8833,3.8833
7/29/2007,8,423.3562,615.2825,745.6633,98.5868,4.1333,3.0167
7/29/2007,9,617.7247,836.2011,806.9285,117.8942,3.2667,1.9333
7/29/2007,10,802.1787,1018.8413,823.0813,164.3445,2.5667,1.5167
7/29/2007,11,916.6322,1150.6831,742.9469,259.0779,13.2333,6.3500
7/29/2007,12,923.9903,1222.7024,643.9711,323.5341,25.8500,13.0667
7/29/2007,13,840.7028,1229.9640,559.7715,309.7086,28.0167,15.8000
7/29/2007,14,848.1915,1171.9544,607.0614,307.5977,27.9667,15.1667
7/29/2007,15,435.7763,1052.6157,196.7569,278.3623,53.8833,31.6667
7/29/2007,16,110.8369,880.0826,-3.9671,109.9131,90.1500,68.1833
7/29/2007,17,32.6779,666.1439,-3.0532,32.6893,98.4333,82.2667
7/29/2007,18,101.7601,425.5134,32.6621,97.2829,90.4167,76.0500
7/29/2007,19,87.8075,175.5716,180.4584,75.1393,59.8667,33.7667
7/29/2007,20,-0.0401,6.2786,-0.4066,0.5148,-1.0000,-1.0000
7/29/2007,21,-3.2701,0.0000,0.1764,-2.6538,-1.0000,-1.0000
7/29/2007,22,-3.0858,0.0000,0.4286,-2.6120,-1.0000,-1.0000
7/29/2007,23,-3.2876,0.0000,0.3821,-2.6551,-1.0000,-1.0000
7/30/2007,0,-3.3752,0.0000,0.2145,-2.9574,-1.0000,-1.0000
7/30/2007,1,-3.2299,0.0000,0.3039,-2.6760,-1.0000,-1.0000
7/30/2007,2,-3.1715,0.0000,0.2576,-2.6504,-1.0000,-1.0000
7/30/2007,3,-4.0089,0.0000,-0.0528,-3.3154,-1.0000,-1.0000
7/30/2007,4,-3.7165,0.0000,0.0501,-2.7977,-1.0000,-1.0000
7/30/2007,5,-2.8153,0.0109,0.1827,-2.0150,-1.0000,-1.0000
7/30/2007,6,50.3659,119.7014,260.5952,40.0045,0.7500,0.7167
7/30/2007,7,217.1755,368.3927,592.8560,83.5281,2.4833,2.0000
7/30/2007,8,418.0665,612.6983,754.7183,92.7803,2.6833,1.6833
7/30/2007,9,617.3608,833.9556,834.7772,101.4279,0.9000,0.7000
7/30/2007,10,790.4993,1016.8642,873.7728,115.8631,0.1167,0.1167
7/30/2007,11,904.1643,1148.8844,861.5390,142.7922,0.0167,0.0167
7/30/2007,12,976.0298,1220.9790,869.4315,155.4049,0.0000,0.0000
7/30/2007,13,986.3647,1228.2078,872.4733,160.1973,1.2857,0.8929
7/30/2007,14,784.4337,1170.0586,635.2138,209.7863,13.0000,7.4667
7/30/2007,15,540.6295,1050.4834,244.1231,333.2943,46.7833,31.5667
7/30/2007,16,390.0507,877.6327,290.3621,185.3092,50.1167,36.1167
7/30/2007,17,93.8967,663.3172,-2.1321,93.8967,94.3167,75.8167
7/30/2007,18,141.0402,422.2799,53.2876,126.7091,89.6167,67.5333
7/30/2007,19,42.2488,171.9729,17.8913,41.6621,71.2167,45.6667
7/30/2007,20,-2.2441,5.4550,-1.0135,-1.5054,-1.0000,-1.0000
7/30/2007,21,-4.8829,0.0000,-0.1049,-3.8255,-1.0000,-1.0000
7/30/2007,22,-4.1638,0.0000,0.6501,-3.6000,-1.0000,-1.0000
7/30/2007,23,-5.4899,0.0000,-0.0726,-4.8330,-1.0000,-1.0000
7/31/2007,0,-4.7162,0.0000,0.3518,-3.9044,-1.0000,-1.0000
7/31/2007,1,-4.1508,0.0000,0.7796,-3.5193,-1.0000,-1.0000
7/31/2007,2,-3.5002,0.0000,0.3144,-3.0569,-1.0000,-1.0000
7/31/2007,3,-3.5895,0.0000,0.3099,-2.8532,-1.0000,-1.0000
7/31/2007,4,-3.7713,0.0000,0.0357,-2.6375,-1.0000,-1.0000
7/31/2007,5,-4.1691,0.0000,-0.0726,-3.1269,-1.0000,-1.0000
7/31/2007,6,43.4386,116.4072,180.4168,37.4496,9.4000,4.0833
7/31/2007,7,196.7520,365.3963,465.3305,96.4127,6.8000,3.0833
7/31/2007,8,385.4408,610.0850,584.1643,140.4540,7.2000,3.1833
7/31/2007,9,550.9600,831.6799,552.0453,225.3980,20.4167,3.9833
7/31/2007,10,707.5445,1014.8523,608.4962,251.6702,15.9167,4.4500
7/31/2007,11,857.3975,1147.0436,673.2488,273.7511,14.5833,6.3167
7/31/2007,12,922.0617,1219.2042,690.0022,269.8760,17.5333,9.6000
7/31/2007,13,941.4228,1226.3889,760.5882,221.6542,7.9667,4.1167
7/31/2007,14,903.3917,1168.0883,729.7470,253.0778,9.0167,4.2667
7/31/2007,15,622.5678,1048.2643,438.2480,268.0608,22.1667,12.1000
7/31/2007,16,278.6895,875.0847,30.8553,259.1352,64.2167,47.7167
7/31/2007,17,172.2987,660.3831,36.9660,151.7170,46.2833,30.3333
7/31/2007,18,148.7803,418.9320,196.8955,111.1080,53.0333,27.0000
7/31/2007,19,44.8969,168.2595,62.9654,41.0386,46.6667,30.6500
7/31/2007,20,-3.9348,4.6698,-0.6968,-2.5128,-1.0000,-1.0000
7/31/2007,21,-4.9077,0.0000,-0.2075,-3.5084,-1.0000,-1.0000
7/31/2007,22,-3.9851,0.0000,0.2821,-3.1169,-1.0000,-1.0000
7/31/2007,23,-3.5060,0.0000,0.3707,-2.8917,-1.0000,-1.0000
8/1/2007,0,-3.3862,0.0000,0.3093,-2.6812,-1.0000,-1.0000
8/1/2007,1,-3.7340,0.0000,0.1686,-2.9772,-1.0000,-1.0000
8/1/2007,2,-4.5997,0.0000,-0.6033,-3.2649,-1.0000,-1.0000
8/1/2007,3,-4.6531,0.0000,0.1058,-3.5553,-1.0000,-1.0000
8/1/2007,4,-5.0562,0.0000,0.2106,-4.1412,-1.0000,-1.0000
8/1/2007,5,-3.0209,0.0000,1.2122,-2.4900,-1.0000,-1.0000
8/1/2007,6,41.9889,113.1217,176.9911,35.0828,3.8500,1.6000
8/1/2007,7,195.9315,362.3696,481.1733,90.8545,4.3333,2.3833
8/1/2007,8,388.4378,607.4428,628.9075,122.2165,5.6167,3.6833
8/1/2007,9,589.3962,829.3735,736.7022,140.3259,2.6333,1.6167
8/1/2007,10,767.2735,1012.8051,801.7290,156.0026,0.5333,0.5333
8/1/2007,11,878.0222,1145.1600,771.6522,202.1511,0.0667,0.0667
8/1/2007,12,960.9222,1217.3770,816.3697,193.3471,1.1333,0.7000
8/1/2007,13,992.3192,1224.5064,837.4678,199.2150,5.5610,2.5122
8/1/2007,14,886.6062,1166.0426,799.8323,170.3239,4.6500,2.0833
8/1/2007,15,790.5392,1045.9582,787.5766,162.7104,7.1333,3.3167
8/1/2007,16,594.1072,872.4387,665.9760,165.5880,15.9167,9.0667
8/1/2007,17,383.4408,657.3416,451.3499,166.8745,28.2000,18.3500
8/1/2007,18,158.2591,415.4697,60.1931,146.2481,86.3667,77.1167
8/1/2007,19,38.0095,164.4328,35.0892,34.8341,82.8667,75.1167
8/1/2007,20,-2.4646,3.9283,2.3015,-2.4145,-1.0000,-1.0000
8/1/2007,21,-1.6144,0.0000,2.1328,-1.1289,-1.0000,-1.0000
8/1/2007,22,-2.0509,0.0000,0.9915,-1.3574,-1.0000,-1.0000
8/1/2007,23,-1.5547,0.0000,1.0129,-0.9866,-1.0000,-1.0000
8/2/2007,0,-1.1033,0.0000,1.1082,-0.8778,-1.0000,-1.0000
8/2/2007,1,-0.7491,0.0000,1.2594,-0.4983,-1.0000,-1.0000
8/2/2007,2,-0.9679,0.0000,0.6495,-0.7961,-99999,-99999
8/2/2007,3,-3.9085,0.0000,-0.9118,-3.0879,-99999,-99999
8/2/2007,4,-4.1269,0.0000,1.1876,-3.3359,-99999,-99999
8/2/2007,5,-3.3619,0.0000,1.0769,-2.7240,-99999,-99999
8/2/2007,6,40.1858,109.8581,183.2252,34.2223,-99999,-99999
8/2/2007,7,196.5108,359.3133,494.9595,90.0581,-99999,-99999
8/2/2007,8,402.0992,604.7718,662.5817,118.5321,4.8636,3.1818
8/2/2007,9,597.8525,827.0361,746.0440,141.2300,3.0667,1.5333
8/2/2007,10,761.1512,1010.7222,522.7283,351.1994,40.2167,22.3500
8/2/2007,11,957.3537,1143.2332,658.3989,378.5213,42.0357,23.9464
8/2/2007,12,891.4748,1215.4970,596.1642,332.0604,31.2000,18.5333
8/2/2007,13,777.5897,1222.5602,394.8049,399.6375,47.9600,28.2800
8/2/2007,14,586.1743,1163.9212,289.9697,315.5708,-99999,-99999
8/2/2007,15,306.0113,1043.5647,80.7139,236.5402,-99999,-99999
8/2/2007,16,71.3856,869.6946,-4.7214,71.3856,-99999,-99999
8/2/2007,17,337.3610,654.1931,149.1097,277.3387,-99999,-99999
8/2/2007,18,182.2416,411.8942,153.6717,139.0115,-99999,-99999
8/2/2007,19,7.5715,160.4943,-0.7332,8.1254,-1.0000,-1.0000
8/2/2007,20,-3.1506,3.2356,-0.5597,-2.4837,-1.0000,-1.0000
8/2/2007,21,-2.0577,0.0000,-0.4273,-1.4290,-1.0000,-1.0000
8/2/2007,22,-1.9363,0.0000,-2.2461,-1.3729,-1.0000,-1.0000
8/2/2007,23,-0.5405,0.0000,0.8499,-0.9126,-1.0000,-1.0000
8/3/2007,0,-0.3616,0.0000,0.5638,-0.5078,-1.0000,-1.0000
8/3/2007,1,-0.2132,0.0000,0.6415,-0.4121,-1.0000,-1.0000
8/3/2007,2,-0.3262,0.0000,0.4092,-0.4023,-1.0000,-1.0000
8/3/2007,3,-0.3653,0.0000,1.2592,-0.4416,-1.0000,-1.0000
8/3/2007,4,-0.9619,0.0000,1.8834,-1.0273,-1.0000,-1.0000
8/3/2007,5,-0.9037,0.0000,1.8401,-1.0228,-1.0000,-1.0000
8/3/2007,6,30.4760,106.6184,27.7891,28.8811,39.7833,23.4667
8/3/2007,7,133.4046,356.2276,126.5363,109.9443,86.9833,67.9000
8/3/2007,8,359.3882,602.0719,527.2193,109.4690,22.4000,13.1167
8/3/2007,9,610.2130,824.6680,822.4548,109.4817,1.5000,1.1250
8/3/2007,10,800.5207,1008.6031,841.8625,160.9427,11.9333,6.6167
8/3/2007,11,825.7600,1141.2627,426.4665,441.3042,64.5333,44.0000
8/3/2007,12,936.9287,1213.5634,630.0891,350.2809,46.4667,27.4833
8/3/2007,13,441.7518,1220.5493,92.5004,354.8196,81.9167,57.0000
8/3/2007,14,618.6182,1161.7237,165.9775,462.0989,84.7833,59.8167
8/3/2007,15,307.7825,1041.0836,40.3838,263.6513,78.5833,56.8833
8/3/2007,16,45.6257,866.8526,-12.6955,45.2404,98.4000,76.8833
8/3/2007,17,105.3553,650.9379,-0.7998,105.2513,97.4000,80.9500
8/3/2007,18,35.1751,408.2057,-0.7877,35.2985,89.5333,63.8333
8/3/2007,19,9.4215,156.4458,1.6728,8.1947,58.4000,42.1000
8/3/2007,20,-1.8835,2.5966,0.7983,-1.5002,-1.0000,-1.0000
8/3/2007,21,-3.2400,0.0000,0.3975,-2.7476,-1.0000,-1.0000
8/3/2007,22,-2.7723,0.0000,0.4926,-2.0996,-1.0000,-1.0000
8/3/2007,23,-2.2431,0.0000,1.0212,-1.6658,-1.0000,-1.0000
8/4/2007,0,-2.4091,0.0000,0.5845,-1.8554,-1.0000,-1.0000
8/4/2007,1,-3.1884,0.0000,0.3720,-2.5382,-1.0000,-1.0000
8/4/2007,2,-2.2826,0.0000,0.6250,-1.7388,-1.0000,-1.0000
8/4/2007,3,-3.6163,0.0000,-0.0387,-2.7289,-1.0000,-1.0000
8/4/2007,4,-4.4003,0.0000,0.4840,-3.2340,-1.0000,-1.0000
8/4/2007,5,-4.1129,0.0000,0.7640,-3.3138,-1.0000,-1.0000
8/4/2007,6,47.7828,103.4048,310.0403,37.0441,2.2833,1.1000
8/4/2007,7,227.6827,353.1131,663.9138,84.2607,9.2333,5.0167
8/4/2007,8,400.6480,599.3438,724.5470,93.1055,11.9000,6.1500
8/4/2007,9,441.2230,822.2691,282.3463,268.7116,51.3667,36.9833
8/4/2007,10,746.5495,1006.4481,554.6246,316.6177,50.1667,33.5000
8/4/2007,11,575.9025,1139.2484,267.8029,347.3040,82.8500,57.8667
8/4/2007,12,429.1728,1211.5764,67.5915,363.2324,86.5333,59.3833
8/4/2007,13,577.5800,1218.4738,186.8307,403.1276,76.1833,53.3667
8/4/2007,14,796.0247,1159.4499,609.7150,239.1589,32.7667,21.2000
8/4/2007,15,470.0930,1038.5150,151.8516,334.6339,64.0000,47.5500
8/4/2007,16,477.3268,863.9127,390.0635,211.6941,37.2333,26.0833
8/4/2007,17,113.7192,647.5765,-1.3392,113.7195,95.8833,81.6500
8/4/2007,18,-1.3006,404.4054,-9.5932,-1.8083,85.8667,59.7667
8/4/2007,19,6.9582,152.2890,-1.2890,6.9582,70.6667,45.2333
8/4/2007,20,1.0187,2.0163,2.0487,0.9265,-1.0000,-1.0000
8/4/2007,21,0.6203,0.0000,1.0878,0.0660,-1.0000,-1.0000
8/4/2007,22,2.0763,0.0000,3.1556,0.7902,-1.0000,-1.0000
8/4/2007,23,3.1730,0.0000,1.5860,2.4382,-1.0000,-1.0000
8/5/2007,0,4.3455,0.0000,1.3333,3.3540,-1.0000,-1.0000
8/5/2007,1,4.6770,0.0000,0.7404,0.4860,-1.0000,-1.0000
8/5/2007,2,2.9784,0.0000,0.4943,-1.7515,-1.0000,-1.0000
8/5/2007,3,0.0693,0.0000,-0.1238,-2.6380,-1.0000,-1.0000
8/5/2007,4,-0.5856,0.0000,0.4615,-2.2700,-1.0000,-1.0000
8/5/2007,5,-0.7058,0.0000,0.6007,-1.9581,-1.0000,-1.0000
8/5/2007,6,22.1669,100.2193,28.9057,20.2946,4.7500,2.2667
8/5/2007,7,183.5715,349.9706,375.0902,108.7676,19.8571,9.0893
8/5/2007,8,329.5613,596.5878,248.7297,238.7910,59.7500,34.4667
8/5/2007,9,530.3797,819.8395,518.1498,197.2498,21.2000,11.7833
8/5/2007,10,753.9987,1004.2571,645.3358,260.2623,20.6167,8.5000
8/5/2007,11,818.3125,1137.1901,597.6720,271.2160,14.4833,6.5000
8/5/2007,12,622.9682,1209.5357,193.5266,415.6283,53.8500,31.2500
8/5/2007,13,785.6460,1216.3338,273.8914,502.2359,59.8333,35.3667
8/5/2007,14,538.6927,1157.1001,70.9525,471.3899,89.3000,67.2000
8/5/2007,15,499.0555,1035.8591,101.7159,420.5312,79.5179,60.2321
8/5/2007,16,343.3218,860.8757,12.0289,338.1609,93.8333,76.8333
8/5/2007,17,192.0630,644.1098,3.3637,191.9100,96.9667,83.7500
8/5/2007,18,15.0110,400.4939,-4.9750,15.4100,94.4833,74.7833
8/5/2007,19,4.8040,148.0259,0.2179,5.3322,61.7500,38.6500
8/5/2007,20,-1.6392,1.4991,0.7901,-1.0009,-1.0000,-1.0000
8/5/2007,21,-2.0059,0.0000,0.8733,-1.5648,-1.0000,-1.0000
8/5/2007,22,-2.3441,0.0000,-0.8156,-3.2953,-1.0000,-1.0000
8/5/2007,23,-0.2103,0.0000,1.0931,-0.3311,-1.0000,-1.0000
8/6/2007,0,-0.1286,0.0000,2.1995,-0.8341,-1.0000,-1.0000
8/6/2007,1,-0.0108,0.0000,3.6968,-1.3503,-1.0000,-1.0000
8/6/2007,2,-0.2757,0.0000,1.1943,-0.9168,-1.0000,-1.0000
8/6/2007,3,0.6294,0.0000,1.7565,0.6987,-1.0000,-1.0000
8/6/2007,4,0.8115,0.0000,1.6226,-0.1207,-1.0000,-1.0000
8/6/2007,5,-1.8900,0.0000,-1.7342,-1.3172,-1.0000,-1.0000
8/6/2007,6,12.9653,97.0639,0.7406,13.2385,35.7333,17.0000
8/6/2007,7,80.0374,346.8008,3.1757,80.0374,97.8833,85.0500
8/6/2007,8,150.6677,593.8045,6.5776,149.5576,97.9000,83.7833
8/6/2007,9,208.3322,817.3799,3.5427,208.3322,98.8667,84.2833
8/6/2007,10,168.6710,1002.0302,2.0849,168.6710,99.3167,81.0667
8/6/2007,11,362.4828,1135.0881,12.5223,356.3645,97.7667,68.5667
8/6/2007,12,474.0737,1207.4413,23.3507,454.3589,95.8167,62.4500
8/6/2007,13,211.2667,1214.1289,-3.8958,210.9818,97.3833,68.0500
8/6/2007,14,232.0331,1154.6742,1.2322,230.9658,97.3167,72.8500
8/6/2007,15,71.2515,1033.1162,-8.1724,71.2515,99.1500,77.5500
8/6/2007,16,50.3428,857.7417,-1.7520,50.1766,98.2667,71.6500
8/6/2007,17,157.3059,640.5380,7.4083,154.5777,97.5833,82.7000
8/6/2007,18,98.7124,396.4724,71.0183,87.4100,95.7833,78.3333
8/6/2007,19,25.9583,143.6587,55.8451,21.4374,68.2667,34.1167
8/6/2007,20,-1.2895,1.0498,0.0989,-0.5501,-1.0000,-1.0000
8/6/2007,21,-3.1368,0.0000,0.0975,-2.5125,-1.0000,-1.0000
8/6/2007,22,-3.2835,0.0000,-0.0532,-2.6043,-1.0000,-1.0000
8/6/2007,23,-2.9029,0.0000,1.0395,-2.4961,-1.0000,-1.0000
8/7/2007,0,-2.7073,0.0000,1.3789,-2.4469,-1.0000,-1.0000
8/7/2007,1,-3.1147,0.0000,0.9317,-2.9306,-1.0000,-1.0000
8/7/2007,2,-2.5232,0.0000,0.9595,-2.1061,-1.0000,-1.0000
8/7/2007,3,-1.2276,0.0000,1.3397,-1.1618,-1.0000,-1.0000
8/7/2007,4,-1.5667,0.0000,0.8079,-1.3772,-1.0000,-1.0000
8/7/2007,5,-1.9322,0.0000,0.5738,-1.4827,-1.0000,-1.0000
8/7/2007,6,28.0887,93.9408,5.3417,28.2012,31.0667,12.4000
8/7/2007,7,83.6519,343.6048,2.9605,83.6519,96.8500,76.6833
8/7/2007,8,110.9856,590.9944,2.1748,110.9856,97.6500,85.0833
8/7/2007,9,170.3518,814.8905,2.1413,170.3518,98.2833,81.5000
8/7/2007,10,284.1700,999.7678,8.2907,283.8861,98.4667,78.4333
8/7/2007,11,234.2117,1132.9424,2.6668,234.2117,97.9333,70.6333
8/7/2007,12,314.7365,1205.2935,4.7868,314.7365,96.9167,65.7833
8/7/2007,13,543.3635,1211.8598,63.9451,490.0360,96.1500,67.9833
8/7/2007,14,700.3765,1152.1724,282.3754,433.8101,76.3833,44.9333
8/7/2007,15,466.0393,1030.2866,105.4935,368.7406,90.2833,65.9000
8/7/2007,16,95.7645,854.5113,-11.3063,95.7613,97.5667,76.5667
8/7/2007,17,336.9082,636.8622,123.1491,280.5750,94.9333,78.3500
8/7/2007,18,218.0703,392.3416,94.4855,196.2630,90.6000,63.4500
8/7/2007,19,62.5077,139.1897,1.3650,62.5077,64.2333,44.9833
8/7/2007,20,-2.6440,0.6723,0.1310,-1.6295,-1.0000,-1.0000
8/7/2007,21,-3.1460,0.0000,0.8619,-2.5045,-1.0000,-1.0000
8/7/2007,22,-3.8776,0.0000,0.1169,-2.9347,-1.0000,-1.0000
8/7/2007,23,-3.5626,0.0000,0.8622,-2.6637,-1.0000,-1.0000
8/8/2007,0,-3.6521,0.0000,0.8644,-2.5529,-1.0000,-1.0000
8/8/2007,1,-4.2532,0.0000,0.7221,-3.5179,-1.0000,-1.0000
8/8/2007,2,-3.6903,0.0000,1.6803,-3.1026,-1.0000,-1.0000
8/8/2007,3,-4.3921,0.0000,0.6450,-3.4530,-1.0000,-1.0000
8/8/2007,4,-4.2150,0.0000,0.7758,-3.2273,-1.0000,-1.0000
8/8/2007,5,-3.8514,0.0000,0.2138,-2.9466,-1.0000,-1.0000
8/8/2007,6,37.3142,90.8521,244.8627,28.8949,0.0333,0.0333
8/8/2007,7,208.7388,340.3834,678.5083,64.0629,1.0000,1.0000
8/8/2007,8,422.3278,588.1583,841.7242,66.5225,0.6667,0.6333
8/8/2007,9,619.6453,812.3717,915.1497,65.5680,0.3000,0.3000
8/8/2007,10,794.8937,997.4701,943.4068,73.9658,0.1500,0.1500
8/8/2007,11,868.0925,1130.7531,851.8176,112.6672,5.5000,3.4000
8/8/2007,12,731.5802,1203.0920,480.7813,268.1331,41.6000,28.3500
8/8/2007,13,525.9278,1209.5260,208.2495,328.8294,63.1333,46.4500
8/8/2007,14,563.8803,1149.5948,304.6279,295.6714,62.6833,44.5333
8/8/2007,15,542.6472,1027.3705,451.2954,199.5697,42.5500,32.0833
8/8/2007,16,558.3470,851.1848,617.0763,165.4854,21.6333,14.8333
8/8/2007,17,309.5883,633.0828,438.5374,116.0210,20.1429,14.0536
8/8/2007,18,226.9800,388.1024,659.1950,67.6422,3.5667,2.3333
8/8/2007,19,48.9117,134.6213,281.2387,32.7601,2.0833,1.4333
8/8/2007,20,-5.5438,0.3710,-0.7822,-4.1277,-1.0000,-1.0000
8/8/2007,21,-5.1063,0.0000,-0.3480,-3.9133,-1.0000,-1.0000
8/8/2007,22,-5.2702,0.0000,-0.3994,-3.8409,-1.0000,-1.0000
8/8/2007,23,-3.5717,0.0000,0.8863,-2.7033,-1.0000,-1.0000
8/9/2007,0,-4.1585,0.0000,0.5455,-3.1489,-1.0000,-1.0000
8/9/2007,1,-5.2781,0.0000,0.2158,-4.1252,-1.0000,-1.0000
8/9/2007,2,-4.7032,0.0000,0.6172,-3.4204,-1.0000,-1.0000
8/9/2007,3,-3.9051,0.0000,0.8770,-3.3996,-1.0000,-1.0000
8/9/2007,4,-2.7935,0.0000,0.3430,-2.2160,-1.0000,-1.0000
8/9/2007,5,-2.6146,0.0000,0.4009,-1.9367,-1.0000,-1.0000
8/9/2007,6,38.6588,87.8004,158.5662,34.2624,9.9000,6.0000
8/9/2007,7,187.0113,337.1377,453.8254,85.3703,19.1667,10.5000
8/9/2007,8,407.3973,585.2971,793.3405,70.9643,2.2833,1.7500
8/9/2007,9,614.1885,809.8241,909.9382,65.0856,0.2500,0.2500
8/9/2007,10,790.2188,995.1372,944.7725,71.9807,0.2500,0.2500
8/9/2007,11,918.5195,1128.5204,961.4572,79.1955,0.3000,0.3000
8/9/2007,12,982.6430,1200.8371,958.2267,87.7442,1.1333,0.6000
8/9/2007,13,967.2872,1207.1276,915.3643,102.6784,2.9500,1.5167
8/9/2007,14,934.3857,1146.9414,939.7360,102.2847,2.9667,1.4333
8/9/2007,15,683.1808,1024.3677,681.4766,131.9385,13.1167,9.0833
8/9/2007,16,249.1692,847.7626,115.8530,173.4712,47.4833,36.6833
8/9/2007,17,165.0636,629.2001,36.4133,149.2949,67.0667,51.7667
8/9/2007,18,159.0781,383.7557,204.3151,102.1224,41.3500,28.1333
8/9/2007,19,24.2590,129.9559,11.8994,24.0064,13.4333,9.1000
8/9/2007,20,-5.3992,0.1599,-0.9843,-3.9604,-1.0000,-1.0000
8/9/2007,21,-4.0870,0.0000,0.7908,-3.1028,-1.0000,-1.0000
8/9/2007,22,-4.2541,0.0000,0.4591,-3.4866,-1.0000,-1.0000
8/9/2007,23,-3.9281,0.0000,0.5442,-3.1644,-1.0000,-1.0000
8/10/2007,0,-4.9027,0.0000,-0.4945,-3.8201,-1.0000,-1.0000
8/10/2007,1,-4.1694,0.0000,0.5059,-3.4016,-1.0000,-1.0000
8/10/2007,2,-3.5488,0.0000,1.1826,-2.8819,-1.0000,-1.0000
8/10/2007,3,-4.6999,0.0000,0.4711,-3.5949,-1.0000,-1.0000
8/10/2007,4,-3.9705,0.0000,0.6791,-3.0136,-1.0000,-1.0000
8/10/2007,5,-3.6224,0.0000,-0.4047,-2.4530,-1.0000,-1.0000
8/10/2007,6,35.7698,84.7904,272.5335,28.3612,0.0000,0.0000
8/10/2007,7,199.4410,333.8686,677.2198,59.1938,0.6000,0.6000
8/10/2007,8,403.4940,582.4112,825.2815,60.6324,0.0000,0.0000
8/10/2007,9,597.3582,807.2481,880.1928,68.4631,0.0500,0.0500
8/10/2007,10,651.2762,992.7697,699.3959,111.1671,3.5833,2.8667
8/10/2007,11,512.7755,1126.2442,247.7994,285.7236,48.4833,35.0167
8/10/2007,12,306.0755,1198.5282,89.0023,200.9507,69.0500,41.5333
8/10/2007,13,459.4973,1204.6643,149.3750,322.1842,76.7500,54.1833
8/10/2007,14,456.4964,1144.2120,201.4419,280.1710,77.9667,53.7833
8/10/2007,15,70.8529,1021.2785,-10.7488,70.0776,95.2000,69.8333
8/10/2007,16,419.9432,844.2446,452.8723,156.0569,67.5833,46.6333
8/10/2007,17,202.7779,625.2148,153.8032,122.4827,40.1667,27.4833
8/10/2007,18,104.0965,379.3023,131.4092,86.1507,50.7833,33.7833
8/10/2007,19,48.8278,125.1962,212.6337,34.9867,8.5500,5.9167
8/10/2007,20,-5.4246,0.0358,-0.6410,-4.1347,-1.0000,-1.0000
8/10/2007,21,-4.9019,0.0000,0.5478,-4.0284,-1.0000,-1.0000
8/10/2007,22,-3.6118,0.0000,0.9407,-3.2291,-1.0000,-1.0000
8/10/2007,23,-3.1839,0.0000,0.3813,-2.7111,-1.0000,-1.0000
8/11/2007,0,-3.6165,0.0000,-0.0423,-3.0530,-1.0000,-1.0000
8/11/2007,1,-3.6647,0.0000,0.3532,-2.8921,-1.0000,-1.0000
8/11/2007,2,-4.2965,0.0000,-0.0528,-3.3377,-1.0000,-1.0000
8/11/2007,3,-3.9527,0.0000,-0.2735,-3.0591,-1.0000,-1.0000
8/11/2007,4,-3.5093,0.0000,0.2769,-2.8844,-1.0000,-1.0000
8/11/2007,5,-3.4440,0.0000,0.0445,-2.7508,-1.0000,-1.0000
8/11/2007,6,34.3932,81.8206,265.4022,26.0440,-0.2167,-0.2167
8/11/2007,7,203.1278,330.5771,703.4015,57.9153,0.0500,0.0500
8/11/2007,8,409.2928,579.5013,855.5393,55.6208,0.0000,0.0000
8/11/2007,9,610.2905,804.6438,927.6605,58.8430,0.3393,0.3393
8/11/2007,10,789.1973,990.3672,962.2618,62.3234,0.0000,0.0000
8/11/2007,11,920.6468,1123.9241,980.1358,69.7765,0.0000,0.0000
8/11/2007,12,981.9978,1196.1654,971.3113,77.8705,0.0000,0.0000
8/11/2007,13,984.2867,1202.1359,962.9690,83.9971,0.0000,0.0000
8/11/2007,14,918.3312,1141.4062,942.6380,87.1933,0.0000,0.0000
8/11/2007,15,801.4675,1018.1025,911.9878,94.2065,2.6167,1.3500
8/11/2007,16,496.0223,840.6312,555.2877,128.9625,17.5167,10.4667
8/11/2007,17,425.0387,621.1274,746.8677,91.7500,6.8667,4.0000
8/11/2007,18,194.4836,374.7429,538.0396,66.7795,3.2500,2.3667
8/11/2007,19,40.3532,120.3448,154.8826,30.3311,10.6500,6.1667
8/11/2007,20,-3.6910,0.0000,0.1118,-3.0426,-1.0000,-1.0000
8/11/2007,21,-3.4199,0.0000,-1.0536,-2.6221,-1.0000,-1.0000
8/11/2007,22,-4.4981,0.0000,0.0860,-3.6184,-1.0000,-1.0000
8/11/2007,23,-2.4930,0.0000,1.8999,-2.2919,-1.0000,-1.0000
8/12/2007,0,-3.8792,0.0000,0.2571,-3.4064,-1.0000,-1.0000
8/12/2007,1,-4.5474,0.0000,0.4199,-3.9642,-1.0000,-1.0000
8/12/2007,2,-5.3303,0.0000,-0.0887,-4.6624,-1.0000,-1.0000
8/12/2007,3,-4.4075,0.0000,1.2959,-3.7689,-1.0000,-1.0000
8/12/2007,4,-4.7054,0.0000,-0.4054,-3.9195,-1.0000,-1.0000
8/12/2007,5,-3.8365,0.0000,1.0478,-3.1378,-1.0000,-1.0000
8/12/2007,6,40.4848,78.8925,253.3481,33.2899,3.7000,1.7167
8/12/2007,7,177.0260,327.2642,320.7390,126.0757,48.4333,26.1167
8/12/2007,8,412.5267,576.5679,722.0365,105.2684,16.2833,8.8833
8/12/2007,9,634.2843,802.0115,868.5617,120.0401,12.2167,6.5333
8/12/2007,10,785.3742,987.9294,922.7180,91.7522,3.9667,2.6667
8/12/2007,11,854.9987,1121.5600,837.4339,132.9940,11.6333,7.5500
8/12/2007,12,884.7462,1193.7480,630.0394,278.7059,34.4167,21.2000
8/12/2007,13,991.2372,1199.5416,868.9735,186.0818,17.7833,9.8833
8/12/2007,14,805.5720,1138.5236,681.1502,204.8911,25.6000,17.7333
8/12/2007,15,582.4258,1014.8398,495.0553,191.2979,48.3500,40.1167
8/12/2007,16,141.9091,836.9222,14.0291,132.4486,91.9667,74.6000
8/12/2007,17,178.6904,616.9380,137.5692,127.5374,89.2667,67.1167
8/12/2007,18,185.8427,370.0783,365.0969,100.3175,35.5833,19.6833
8/12/2007,19,53.0640,115.4605,254.5400,37.9375,8.5333,4.8333
8/12/2007,20,-3.9844,0.0000,-0.1787,-3.1242,-1.0000,-1.0000
8/12/2007,21,-4.9468,0.0000,-0.0045,-4.2208,-1.0000,-1.0000
8/12/2007,22,-3.6572,0.0000,0.0791,-3.1750,-1.0000,-1.0000
8/12/2007,23,-3.4917,0.0000,0.2624,-2.8695,-1.0000,-1.0000
8/13/2007,0,-3.1876,0.0000,0.5226,-2.6125,-1.0000,-1.0000
8/13/2007,1,-2.9152,0.0000,0.8035,-2.4103,-1.0000,-1.0000
8/13/2007,2,-3.4697,0.0000,0.0031,-2.8842,-1.0000,-1.0000
8/13/2007,3,-3.5777,0.0000,0.2746,-3.0197,-1.0000,-1.0000
8/13/2007,4,-3.6367,0.0000,0.3099,-3.0524,-1.0000,-1.0000
8/13/2007,5,-3.4629,0.0000,0.1559,-2.8372,-1.0000,-1.0000
8/13/2007,6,31.0555,76.0080,212.9887,25.5998,-0.0833,-0.0833
8/13/2007,7,190.1845,323.9304,630.2970,60.9611,1.0000,1.0000
8/13/2007,8,396.6130,573.6113,805.8245,65.4214,0.8667,0.8333
8/13/2007,9,587.6850,799.3510,883.2783,66.5726,0.2500,0.2500
8/13/2007,10,764.8368,985.4563,921.2723,74.7340,0.7833,0.7333
8/13/2007,11,899.0603,1119.1509,948.8490,82.1617,2.2333,1.2500
8/13/2007,12,989.5337,1191.2752,942.6975,123.5501,11.0833,7.5000
8/13/2007,13,548.0658,1196.8811,229.2692,316.6675,57.5500,44.8000
8/13/2007,14,743.5073,1135.5638,590.7494,211.1628,23.6000,15.6833
8/13/2007,15,319.5672,1011.4896,129.3943,215.5035,59.9833,48.0333
8/13/2007,16,344.0175,833.1177,193.6171,210.6131,82.4167,66.2333
8/13/2007,17,98.4478,612.6471,-0.9077,98.4478,74.7500,59.8333
8/13/2007,18,60.8676,365.3094,2.1984,60.3567,83.0167,65.0000
8/13/2007,19,25.4202,110.5985,-0.6708,25.4356,14.1500,7.6167
8/13/2007,20,-3.8618,0.0000,0.3512,-3.3460,-1.0000,-1.0000
8/13/2007,21,-3.4470,0.0000,1.2060,-3.0338,-1.0000,-1.0000
8/13/2007,22,-3.8221,0.0000,0.2562,-3.3004,-1.0000,-1.0000
8/13/2007,23,-4.1955,0.0000,1.6009,-3.5627,-1.0000,-1.0000
8/14/2007,0,-3.8518,0.0000,0.5077,-3.3075,-1.0000,-1.0000
8/14/2007,1,-4.1713,0.0000,0.3709,-3.7223,-1.0000,-1.0000
8/14/2007,2,-4.0295,0.0000,0.7567,-3.4925,-1.0000,-1.0000
8/14/2007,3,-2.6288,0.0000,1.1189,-2.4023,-1.0000,-1.0000
8/14/2007,4,-2.2146,0.0000,1.1275,-1.9314,-1.0000,-1.0000
8/14/2007,5,-4.2286,0.0000,-0.8286,-3.4464,-1.0000,-1.0000
8/14/2007,6,14.5242,73.1683,46.0192,13.4397,3.3833,1.4500
8/14/2007,7,183.2648,320.5765,477.8528,79.6540,11.7500,5.8500
8/14/2007,8,303.3500,570.6316,347.5243,151.4237,26.1000,15.6667
8/14/2007,9,509.0020,796.6622,488.1055,220.1145,30.0179,19.5536
8/14/2007,10,775.3635,982.9471,907.9717,100.2034,5.9000,3.0500
8/14/2007,11,890.7177,1116.6966,945.9637,77.1146,0.2000,0.2000
8/14/2007,12,957.5017,1188.7463,951.0690,82.9419,2.2000,1.6000
8/14/2007,13,969.5987,1194.1531,939.5205,104.1803,8.8667,5.7500
8/14/2007,14,302.6862,1132.5258,120.7001,187.3689,72.0167,59.8167
8/14/2007,15,98.9117,1008.0517,-2.4585,93.9948,98.8500,87.0667
8/14/2007,16,448.9337,829.2175,252.1561,283.8425,93.7833,78.0500
8/14/2007,17,192.1586,608.2551,63.2433,159.4873,94.7333,80.6833
8/14/2007,18,73.0673,360.4370,58.4419,63.5586,93.3667,71.5500
8/14/2007,19,22.2701,105.7571,17.0348,21.0993,58.4667,45.5333
8/14/2007,20,-3.7074,0.0000,0.4822,-2.7960,-1.0000,-1.0000
8/14/2007,21,-2.0179,0.0000,1.5196,-1.8578,-1.0000,-1.0000
8/14/2007,22,-2.7302,0.0000,0.8651,-2.5006,-1.0000,-1.0000
8/14/2007,23,-2.3520,0.0000,1.2578,-2.1455,-1.0000,-1.0000
8/15/2007,0,-3.3261,0.0000,0.8223,-3.1679,-1.0000,-1.0000
8/15/2007,1,-2.6483,0.0000,0.5251,-2.3029,-1.0000,-1.0000
8/15/2007,2,-1.7133,0.0000,1.1363,-1.4010,-1.0000,-1.0000
8/15/2007,3,-2.4086,0.0000,1.0478,-2.1403,-1.0000,-1.0000
8/15/2007,4,-3.1506,0.0000,0.7300,-2.8678,-1.0000,-1.0000
8/15/2007,5,-3.8416,0.0000,0.7941,-3.2561,-1.0000,-1.0000
8/15/2007,6,27.2445,70.3747,167.8524,20.8534,-0.0500,-0.0500
8/15/2007,7,171.8602,317.2032,563.7774,63.8527,4.0833,2.0333
8/15/2007,8,384.1253,567.6290,783.5298,66.7229,2.1667,1.2500
8/15/2007,9,578.4065,793.9448,863.8697,71.0155,1.2667,0.9167
8/15/2007,10,800.8705,980.4013,900.2432,138.0130,17.9833,10.3000
8/15/2007,11,492.8610,1114.1957,297.3123,241.9799,65.2833,43.8667
8/15/2007,12,60.2227,1186.1603,-9.5087,60.1806,90.0000,48.1833
8/15/2007,13,160.3082,1191.3571,2.3185,160.3082,90.9833,58.6167
8/15/2007,14,394.3348,1129.4092,90.3252,317.9034,78.1333,55.9000
8/15/2007,15,172.6608,1004.5256,2.4276,172.6608,97.3500,80.6333
8/15/2007,16,256.5220,825.2216,31.1395,244.4240,97.3000,86.0333
8/15/2007,17,70.6439,603.7622,1.6066,66.6244,98.4000,84.9333
8/15/2007,18,18.5998,355.4620,-3.8418,18.6194,95.8667,77.0833
8/15/2007,19,26.1169,100.9380,7.2898,25.6876,51.7167,35.7500
8/15/2007,20,3.7142,0.0000,3.2044,1.2349,-1.0000,-1.0000
8/15/2007,21,3.9996,0.0000,0.9656,-0.2181,-1.0000,-1.0000
8/15/2007,22,1.6139,0.0000,0.1512,-1.9482,-1.0000,-1.0000
8/15/2007,23,-0.5506,0.0000,0.4588,-3.1381,-1.0000,-1.0000
8/16/2007,0,-3.0578,0.0000,0.2575,-3.6693,-1.0000,-1.0000
8/16/2007,1,-2.4718,0.0000,1.4008,-2.9017,-1.0000,-1.0000
8/16/2007,2,-2.5542,0.0000,0.9462,-3.0497,-1.0000,-1.0000
8/16/2007,3,-1.7516,0.0000,1.2088,-2.3675,-1.0000,-1.0000
8/16/2007,4,-3.3757,0.0000,0.2141,-3.6248,-1.0000,-1.0000
8/16/2007,5,-2.1826,0.0000,1.0143,-2.3455,-1.0000,-1.0000
8/16/2007,6,28.9776,67.6285,168.1358,23.5713,1.0500,0.3167
8/16/2007,7,179.4963,313.8108,595.2197,63.3121,1.3833,1.1000
8/16/2007,8,382.1173,564.6036,775.3970,70.8900,0.4000,0.4000
8/16/2007,9,577.1038,791.1983,849.1095,78.8805,0.0833,0.0833
8/16/2007,10,748.9743,977.8181,894.2195,90.0571,0.0000,0.0000
8/16/2007,11,871.8367,1111.6477,914.7875,104.2854,0.0000,0.0000
8/16/2007,12,937.3610,1183.5161,923.3457,97.9924,0.0000,0.0000
8/16/2007,13,940.5372,1188.4919,911.5093,106.8108,0.0000,0.0000
8/16/2007,14,870.6397,1126.2130,880.4372,114.5236,1.0667,0.7833
8/16/2007,15,736.3348,1000.9110,773.6317,148.8731,7.6000,4.7000
8/16/2007,16,362.4727,821.1300,278.1500,186.7192,26.7000,13.7167
8/16/2007,17,358.8772,599.1691,454.1931,162.2568,39.0333,24.6000
8/16/2007,18,96.5925,350.3856,24.4568,89.6194,78.4500,55.1833
8/16/2007,19,14.8291,96.1598,0.1346,14.9742,37.2333,19.0667
8/16/2007,20,-4.8702,0.0000,-0.0479,-4.0756,-1.0000,-1.0000
8/16/2007,21,-4.7929,0.0000,0.3594,-4.2766,-1.0000,-1.0000
8/16/2007,22,-4.5637,0.0000,0.1987,-4.0201,-1.0000,-1.0000
8/16/2007,23,-3.4887,0.0000,0.5113,-3.1738,-1.0000,-1.0000
8/17/2007,0,-4.9998,0.0000,0.3159,-4.4934,-1.0000,-1.0000
8/17/2007,1,-4.9240,0.0000,0.3135,-4.2720,-1.0000,-1.0000
8/17/2007,2,-3.8079,0.0000,-0.0218,-2.9841,-1.0000,-1.0000
8/17/2007,3,-3.6556,0.0000,0.4157,-2.9366,-1.0000,-1.0000
8/17/2007,4,-3.5946,0.0000,0.5059,-3.1171,-1.0000,-1.0000
8/17/2007,5,-1.7985,0.0000,1.3975,-1.6769,-1.0000,-1.0000
8/17/2007,6,12.2623,64.9306,44.3522,12.5814,0.1167,-0.0667
8/17/2007,7,155.4493,310.3997,407.8314,68.3912,7.5833,4.9333
8/17/2007,8,348.3142,561.5550,556.9847,116.2567,10.3333,7.6500
8/17/2007,9,601.6695,788.4222,842.0678,109.9099,3.1667,2.1167
8/17/2007,10,715.2582,975.1968,795.6893,118.0961,3.0833,1.2333
8/17/2007,11,875.8508,1109.0514,866.2962,142.0789,10.1167,7.0667
8/17/2007,12,175.4967,1180.8128,33.8262,135.4494,50.9667,30.3333
8/17/2007,13,169.4822,1185.5568,1.1198,169.4822,85.0167,57.9500
8/17/2007,14,398.5532,1122.9365,81.4277,335.1862,92.5000,69.5667
8/17/2007,15,511.8307,997.2075,154.0737,391.8944,96.0500,76.0500
8/17/2007,16,128.8809,816.9429,-1.1434,128.5075,98.1833,86.1667
8/17/2007,17,25.2648,594.4763,-4.0823,25.3465,97.7500,80.9500
8/17/2007,18,10.8761,345.2087,9.0537,7.1740,90.5000,55.6667
8/17/2007,19,35.6850,91.4261,131.3994,31.4883,40.0333,17.4500
8/17/2007,20,-2.4985,0.0000,0.8368,-2.2289,-1.0000,-1.0000
8/17/2007,21,-3.6298,0.0000,1.5374,-3.2652,-1.0000,-1.0000
8/17/2007,22,-2.7040,0.0000,1.8934,-2.5835,-1.0000,-1.0000
8/17/2007,23,-3.1020,0.0000,-0.4235,-2.5613,-1.0000,-1.0000
8/18/2007,0,-4.0963,0.0000,-0.1530,-3.2591,-1.0000,-1.0000
8/18/2007,1,-5.1790,0.0000,0.0158,-4.1974,-1.0000,-1.0000
8/18/2007,2,-4.4137,0.0000,0.5554,-3.8573,-1.0000,-1.0000
8/18/2007,3,-3.3360,0.0000,0.7618,-2.9598,-1.0000,-1.0000
8/18/2007,4,-3.7946,0.0000,0.4139,-3.3729,-1.0000,-1.0000
8/18/2007,5,-2.9160,0.0000,1.1327,-2.6212,-1.0000,-1.0000
8/18/2007,6,24.2524,62.2818,177.6748,21.0393,-0.0833,-0.0833
8/18/2007,7,173.9754,306.9701,590.2543,63.4739,1.2333,1.2333
8/18/2007,8,375.0628,558.4833,766.6433,72.3553,1.4167,1.0000
8/18/2007,9,569.3322,785.6157,841.7572,82.2426,0.3000,0.3000
8/18/2007,10,741.9055,972.5363,879.8518,95.2440,0.5833,0.5667
8/18/2007,11,901.1548,1106.4056,865.0050,161.9089,12.0000,7.5333
8/18/2007,12,380.9888,1178.0492,29.9735,352.2998,74.3500,50.5333
8/18/2007,13,595.7525,1182.5504,256.8148,344.5658,54.7667,37.1000
8/18/2007,14,107.5205,1119.5792,-3.8870,107.5205,94.2333,73.4833
8/18/2007,15,125.1459,993.4145,2.5259,121.9785,99.0500,82.1000
8/18/2007,16,414.1457,812.6602,236.4573,269.9606,80.8667,63.1667
8/18/2007,17,146.2967,589.6844,25.4271,134.0056,86.4167,66.2000
8/18/2007,18,171.3465,339.9329,414.6100,93.3584,34.8500,22.9333
8/18/2007,19,29.5646,86.7340,103.9662,24.5125,20.8667,14.7667
8/18/2007,20,-5.7516,0.0000,-1.2472,-4.4022,-1.0000,-1.0000
8/18/2007,21,-4.1379,0.0000,-0.2148,-3.2454,-1.0000,-1.0000
8/18/2007,22,-3.2223,0.0000,0.6154,-2.5167,-1.0000,-1.0000
8/18/2007,23,-2.4005,0.0000,0.6241,-2.0968,-1.0000,-1.0000
8/19/2007,0,-1.6219,0.0000,1.0592,-1.4806,-1.0000,-1.0000
8/19/2007,1,-3.0098,0.0000,0.3184,-2.5682,-1.0000,-1.0000
8/19/2007,2,-3.5902,0.0000,0.0969,-3.0438,-1.0000,-1.0000
8/19/2007,3,-3.1281,0.0000,0.2778,-2.5158,-1.0000,-1.0000
8/19/2007,4,-2.7501,0.0000,0.7357,-2.3236,-1.0000,-1.0000
8/19/2007,5,-3.8064,0.0000,-0.0185,-3.2420,-1.0000,-1.0000
8/19/2007,6,24.1108,59.6832,183.0177,20.6733,-0.3000,-0.3000
8/19/2007,7,174.7707,303.5225,598.8973,62.2740,1.0000,1.0000
8/19/2007,8,379.1860,555.3879,775.2027,72.0491,1.1000,1.0000
8/19/2007,9,575.7257,782.7785,858.0317,80.8323,1.0667,0.7167
8/19/2007,10,747.3643,969.8357,903.3235,84.4346,0.7667,0.7167
8/19/2007,11,880.8188,1103.7096,924.2243,97.4772,3.4667,2.1333
8/19/2007,12,787.7330,1175.2244,663.9986,172.9183,17.2000,10.5833
8/19/2007,13,930.5910,1179.4723,822.5757,172.7042,14.8167,7.0500
8/19/2007,14,260.9509,1116.1403,116.7090,143.7179,76.7333,56.5167
8/19/2007,15,224.4593,989.5322,11.5763,224.4593,98.9000,82.5167
8/19/2007,16,362.5575,808.2821,286.7145,191.7326,40.4833,32.5667
8/19/2007,17,290.2892,584.7942,394.9650,117.8353,32.2333,19.2667
8/19/2007,18,179.1705,334.5591,372.9350,102.6279,45.8667,33.4667
8/19/2007,19,19.7913,82.1107,73.4642,15.8327,2.6833,2.0333
8/19/2007,20,-3.7109,0.0000,0.1393,-3.3677,-1.0000,-1.0000
8/19/2007,21,-3.0876,0.0000,0.8114,-2.8215,-1.0000,-1.0000
8/19/2007,22,-3.8158,0.0000,-0.3255,-3.1750,-1.0000,-1.0000
8/19/2007,23,-3.1920,0.0000,1.4518,-2.6993,-1.0000,-1.0000
8/20/2007,0,-3.6263,0.0000,0.2299,-3.3155,-1.0000,-1.0000
8/20/2007,1,-4.1744,0.0000,-0.1072,-3.4484,-1.0000,-1.0000
8/20/2007,2,-3.8902,0.0000,0.5786,-3.2810,-1.0000,-1.0000
8/20/2007,3,-4.2874,0.0000,-0.1771,-3.8326,-1.0000,-1.0000
8/20/2007,4,-4.0884,0.0000,0.3280,-3.5465,-1.0000,-1.0000
8/20/2007,5,-4.9260,0.0000,-0.8196,-4.3052,-1.0000,-1.0000
8/20/2007,6,24.4070,57.1352,180.5753,20.3666,1.0167,0.7333
8/20/2007,7,175.3648,300.0567,597.3952,65.0026,3.2000,2.8000
8/20/2007,8,380.0113,552.2687,787.2408,69.8184,1.0500,1.0500
8/20/2007,9,578.5080,779.9098,877.8335,72.7286,0.4667,0.4667
8/20/2007,10,757.8617,967.0943,933.3212,75.9906,0.0000,0.0000
8/20/2007,11,890.4835,1100.9619,962.6328,81.5005,0.0000,0.0000
8/20/2007,12,952.3002,1172.3372,958.1532,89.3077,0.0000,0.0000
8/20/2007,13,949.0275,1176.3212,947.6165,93.8614,0.4000,0.2500
8/20/2007,14,883.0813,1112.6191,904.7510,109.0143,2.2667,1.3167
8/20/2007,15,309.0050,985.5599,198.7106,138.4805,9.8500,7.7167
8/20/2007,16,578.5058,803.8090,800.4007,106.8746,6.3036,4.3214
8/20/2007,17,332.4768,579.8066,626.1242,67.8859,2.6667,1.3333
8/20/2007,18,164.9545,329.0894,553.0092,58.7170,1.4500,1.2500
8/20/2007,19,19.2620,77.5454,169.2770,14.5584,0.0333,0.0333
8/20/2007,20,-7.4151,0.0000,-1.0272,-5.8108,-1.0000,-1.0000
8/20/2007,21,-5.1609,0.0000,-0.2121,-4.1380,-1.0000,-1.0000
8/20/2007,22,-4.5644,0.0000,-0.2389,-3.5738,-1.0000,-1.0000
8/20/2007,23,-3.9868,0.0000,0.4737,-3.2395,-1.0000,-1.0000
8/21/2007,0,-3.9560,0.0000,0.1878,-3.3562,-1.0000,-1.0000
8/21/2007,1,-6.5032,0.0000,-0.9908,-5.3869,-1.0000,-1.0000
8/21/2007,2,-5.5509,0.0000,0.4389,-4.7098,-1.0000,-1.0000
8/21/2007,3,-4.1202,0.0000,0.6853,-3.7792,-1.0000,-1.0000
8/21/2007,4,-5.6123,0.0000,-0.4073,-4.6578,-1.0000,-1.0000
8/21/2007,5,-5.0490,0.0000,-0.0757,-4.2254,-1.0000,-1.0000
8/21/2007,6,20.3145,54.6386,156.4676,17.3011,-0.3333,-0.3333
8/21/2007,7,172.0288,296.5732,611.2600,59.5682,1.0000,1.0000
8/21/2007,8,378.7185,549.1253,802.9083,67.3098,0.9833,0.9833
8/21/2007,9,575.8422,777.0087,891.8503,69.2241,0.1667,0.1667
8/21/2007,10,744.6683,964.3107,919.3412,78.5506,0.0000,0.0000
8/21/2007,11,886.8725,1098.1616,947.1288,89.7670,0.0000,0.0000
8/21/2007,12,949.8445,1169.3864,947.5998,97.9751,0.0000,0.0000
8/21/2007,13,948.8462,1173.0963,934.8613,107.3094,0.0000,0.0000
8/21/2007,14,881.9523,1109.0150,920.9530,103.7819,0.0000,0.0000
8/21/2007,15,751.9202,981.4976,881.6650,100.8052,0.0000,0.0000
8/21/2007,16,575.0635,799.2414,820.0525,95.9703,0.0000,0.0000
8/21/2007,17,370.5227,574.7223,714.3883,84.5631,2.4333,1.5500
8/21/2007,18,164.7649,323.5247,536.3298,62.4855,2.4833,1.7833
8/21/2007,19,17.9389,73.0518,139.5238,14.5014,0.6000,0.3500
8/21/2007,20,-7.5711,0.0000,-1.2919,-6.0472,-1.0000,-1.0000
8/21/2007,21,-4.9001,0.0000,0.1225,-3.7773,-1.0000,-1.0000
8/21/2007,22,-4.3793,0.0000,0.0368,-3.3010,-1.0000,-1.0000
8/21/2007,23,-4.4422,0.0000,0.2778,-3.3911,-1.0000,-1.0000
8/22/2007,0,-3.9599,0.0000,0.1910,-3.0179,-1.0000,-1.0000
8/22/2007,1,-4.6629,0.0000,-0.7114,-3.6364,-1.0000,-1.0000
8/22/2007,2,-4.9803,0.0000,-0.6054,-3.8156,-1.0000,-1.0000
8/22/2007,3,-4.9321,0.0000,0.1479,-4.0883,-1.0000,-1.0000
8/22/2007,4,-5.2879,0.0000,-0.0022,-4.2922,-1.0000,-1.0000
8/22/2007,5,-4.5413,0.0000,0.4702,-3.5736,-1.0000,-1.0000
8/22/2007,6,15.0403,52.1939,74.5562,13.6664,1.1333,0.8167
8/22/2007,7,98.6557,293.0718,285.1195,58.0184,13.0000,9.8000
8/22/2007,8,200.4990,545.9572,266.7658,81.7210,16.6667,10.9500
8/22/2007,9,239.5458,774.0744,78.5848,188.6376,76.0500,54.3167
8/22/2007,10,643.8527,961.4841,526.0187,247.8870,42.6500,27.6833
8/22/2007,11,810.2925,1095.3075,692.3422,224.6439,17.7167,8.7500
8/22/2007,12,913.3517,1166.3711,816.2608,183.7369,10.0000,4.8167
8/22/2007,13,428.4672,1169.7968,91.0622,343.9199,72.4333,51.2500
8/22/2007,14,117.2818,1105.3276,-2.8448,117.1449,96.9000,78.7667
8/22/2007,15,75.7498,977.3454,-3.1848,76.3651,99.0333,84.0000
8/22/2007,16,143.0229,794.5794,3.3079,141.8196,97.8167,82.6000
8/22/2007,17,455.5408,569.5424,604.0581,219.0342,66.2833,46.3500
8/22/2007,18,121.5982,317.8669,190.3692,98.5808,58.4333,35.5000
8/22/2007,19,17.0593,68.6407,72.5897,16.1896,3.9167,1.6667
8/22/2007,20,-5.9147,0.0000,-1.7068,-4.7631,-1.0000,-1.0000
8/22/2007,21,-4.2288,0.0000,1.1754,-3.5994,-1.0000,-1.0000
8/22/2007,22,-4.3538,0.0000,0.7401,-3.8058,-1.0000,-1.0000
8/22/2007,23,-4.2617,0.0000,0.7762,-3.8313,-1.0000,-1.0000
8/23/2007,0,-3.8499,0.0000,0.2090,-3.1925,-1.0000,-1.0000
8/23/2007,1,-1.6816,0.0000,0.3028,-1.2977,-1.0000,-1.0000
8/23/2007,2,-1.1067,0.0000,-0.0290,-0.7775,-1.0000,-1.0000
8/23/2007,3,-0.9903,0.0000,-0.1119,-0.8045,-1.0000,-1.0000
8/23/2007,4,-1.1279,0.0000,0.4719,-0.9743,-1.0000,-1.0000
8/23/2007,5,-1.8914,0.0000,0.8422,-1.6519,-1.0000,-1.0000
8/23/2007,6,13.0314,49.8016,36.2674,12.0049,2.5333,1.6000
8/23/2007,7,149.0017,289.5525,396.4179,77.1708,9.0000,4.9833
8/23/2007,8,411.6540,542.7640,532.5962,201.7219,46.1000,25.2833
8/23/2007,9,550.1822,771.1061,753.3380,123.2340,4.5167,2.7167
8/23/2007,10,711.3700,958.6134,681.4038,210.7032,24.4000,19.0000
8/23/2007,11,704.2800,1092.3986,469.6109,288.1271,26.9000,18.8167
8/23/2007,12,634.7467,1163.2901,410.2418,270.7245,36.8833,21.9500
8/23/2007,13,302.9625,1166.4218,26.6428,278.5508,69.5333,50.0167
8/23/2007,14,293.7015,1101.5564,70.0923,231.4633,90.9833,70.3667
8/23/2007,15,109.5829,973.1030,0.0167,109.5829,99.4000,86.5167
8/23/2007,16,84.8885,789.8236,-1.4912,84.8885,99.1500,85.4833
8/23/2007,17,50.5215,564.2679,-0.2277,50.5215,98.1167,84.2500
8/23/2007,18,9.5101,312.1178,0.6382,9.5101,72.6333,54.2333
8/23/2007,19,3.1515,64.3074,0.6179,3.1895,18.6333,10.4833
8/23/2007,20,-1.0046,0.0000,0.6521,-0.8193,-1.0000,-1.0000
8/23/2007,21,-0.8399,0.0000,0.4770,-0.7040,-1.0000,-1.0000
8/23/2007,22,-1.1792,0.0000,0.9537,-1.0430,-1.0000,-1.0000
8/23/2007,23,-2.6905,0.0000,0.5296,-2.3562,-1.0000,-1.0000
8/24/2007,0,-1.3234,0.0000,-0.8413,-1.1944,-1.0000,-1.0000
8/24/2007,1,-0.8631,0.0000,-1.2478,-0.4802,-1.0000,-1.0000
8/24/2007,2,-1.5806,0.0000,1.8224,-1.2401,-1.0000,-1.0000
8/24/2007,3,0.4659,0.0000,4.1193,0.0319,-1.0000,-1.0000
8/24/2007,4,2.3976,0.0000,3.4343,0.4664,-1.0000,-1.0000
8/24/2007,5,-0.0684,0.0000,-0.3348,-0.9249,-1.0000,-1.0000
8/24/2007,6,7.4590,47.4620,3.5802,7.4083,12.3000,6.5167
8/24/2007,7,59.1547,286.0153,20.8656,58.1493,92.7167,73.1333
8/24/2007,8,216.1132,539.5448,186.3477,130.5789,65.4333,50.9833
8/24/2007,9,580.5015,768.1028,880.1965,79.7164,0.2167,0.2167
8/24/2007,10,746.9943,955.6972,907.0925,88.7755,0.5000,0.4167
8/24/2007,11,845.4618,1089.4333,881.2908,108.6630,1.8167,1.0500
8/24/2007,12,870.5618,1160.1424,851.5311,109.8389,3.0333,1.9833
8/24/2007,13,942.5213,1162.9703,918.3208,123.2195,5.1333,2.6333
8/24/2007,14,854.7643,1097.7008,830.5490,154.4311,15.0833,8.9500
8/24/2007,15,740.6187,968.7705,879.8547,99.9903,4.8333,2.8000
8/24/2007,16,570.7010,784.9745,844.6748,89.0604,4.5333,3.1500
8/24/2007,17,371.2025,558.9001,757.3358,77.5815,3.4333,2.3333
8/24/2007,18,156.5359,306.2791,561.9970,53.3576,1.0500,1.0167
8/24/2007,19,16.9485,60.0772,138.4342,13.6500,-0.1667,-0.1667
8/24/2007,20,-5.0794,0.0000,-0.5746,-3.9625,-1.0000,-1.0000
8/24/2007,21,-4.6094,0.0000,-0.7091,-3.6429,-1.0000,-1.0000
8/24/2007,22,-4.9059,0.0000,-0.3623,-3.9233,-1.0000,-1.0000
8/24/2007,23,-4.7150,0.0000,0.6053,-3.9863,-1.0000,-1.0000
8/25/2007,0,-5.0083,0.0000,0.3081,-4.3286,-1.0000,-1.0000
8/25/2007,1,-4.1791,0.0000,0.1179,-3.4365,-1.0000,-1.0000
8/25/2007,2,-3.9142,0.0000,-0.2125,-3.2909,-1.0000,-1.0000
8/25/2007,3,-3.5128,0.0000,0.3010,-2.9658,-1.0000,-1.0000
8/25/2007,4,-3.8395,0.0000,0.0181,-3.2604,-1.0000,-1.0000
8/25/2007,5,-3.3435,0.0000,0.2948,-2.9014,-1.0000,-1.0000
8/25/2007,6,15.8014,45.1761,138.1771,13.5975,-0.4667,-0.4667
8/25/2007,7,166.0996,282.4600,647.4802,50.9874,0.4000,0.4000
8/25/2007,8,375.1852,536.2995,842.5538,56.1356,0.0000,0.0000
8/25/2007,9,576.5193,765.0638,914.7068,64.9938,0.0000,0.0000
8/25/2007,10,752.5743,952.7347,949.8277,74.9178,0.0000,0.0000
8/25/2007,11,881.7642,1086.4108,968.3045,84.5860,0.2333,0.0000
8/25/2007,12,952.4228,1156.9268,978.0693,90.3072,0.0000,0.0000
8/25/2007,13,938.7735,1159.4417,965.0455,86.5972,0.0000,0.0000
8/25/2007,14,865.3692,1093.7605,932.3277,91.1407,0.0000,0.0000
8/25/2007,15,726.9738,964.3480,884.8747,92.0201,0.0000,0.0000
8/25/2007,16,554.7550,780.0331,824.9992,88.8892,0.7667,0.7333
8/25/2007,17,346.0619,553.4404,702.9636,73.6048,1.4500,1.2667
8/25/2007,18,131.3593,300.3529,472.0060,53.5646,1.5000,1.0893
8/25/2007,19,12.6216,55.9337,79.0773,11.3196,0.8000,0.4000
8/25/2007,20,-5.5504,0.0000,-0.0900,-4.5153,-1.0000,-1.0000
8/25/2007,21,-4.5067,0.0000,0.4534,-3.7985,-1.0000,-1.0000
8/25/2007,22,-4.7900,0.0000,0.4638,-4.3267,-1.0000,-1.0000
8/25/2007,23,-3.9874,0.0000,0.6926,-3.2881,-1.0000,-1.0000
8/26/2007,0,-4.3872,0.0000,0.6573,-3.7436,-1.0000,-1.0000
8/26/2007,1,-4.2379,0.0000,0.5319,-3.5832,-1.0000,-1.0000
8/26/2007,2,-4.1752,0.0000,0.5980,-3.4244,-1.0000,-1.0000
8/26/2007,3,-3.7991,0.0000,0.6724,-2.9116,-1.0000,-1.0000
8/26/2007,4,-3.5588,0.0000,0.6890,-2.7485,-1.0000,-1.0000
8/26/2007,5,-3.8831,0.0000,0.2437,-2.9988,-1.0000,-1.0000
8/26/2007,6,14.6648,42.9470,131.7629,13.5747,-0.5000,-0.5000
8/26/2007,7,159.1682,278.8862,576.5528,58.8576,1.0000,1.0000
8/26/2007,8,364.9543,533.0269,765.1097,77.4981,1.0667,1.0000
8/26/2007,9,506.2628,761.9878,644.1115,140.6201,12.4667,7.2000
8/26/2007,10,740.6192,949.7247,877.9077,114.7393,7.1333,4.0500
8/26/2007,11,544.4250,1083.3297,419.5229,211.5065,49.5833,34.8833
8/26/2007,12,716.8323,1153.6424,478.2280,284.8677,50.7500,31.8833
8/26/2007,13,308.2463,1155.8352,24.0257,277.9667,89.0000,70.8167
8/26/2007,14,674.0360,1089.7351,521.9430,221.5587,36.7966,22.4068
8/26/2007,15,670.2855,959.8359,693.3264,155.0150,12.7500,6.6833
8/26/2007,16,488.8823,774.9998,519.2785,177.1851,36.3500,21.9667
8/26/2007,17,426.4350,547.8899,609.1262,212.0859,58.7500,30.7000
8/26/2007,18,111.6587,294.3413,264.9288,62.2284,28.7667,15.5500
8/26/2007,19,4.6737,51.9097,18.3790,5.2756,6.7333,4.3167
8/26/2007,20,-4.7631,0.0000,0.0062,-3.8869,-1.0000,-1.0000
8/26/2007,21,-1.9615,0.0000,0.6329,-1.7088,-1.0000,-1.0000
8/26/2007,22,-3.1770,0.0000,-0.7228,-2.5344,-1.0000,-1.0000
8/26/2007,23,-4.0038,0.0000,-0.1392,-3.1412,-1.0000,-1.0000
8/27/2007,0,-4.1223,0.0000,0.7635,-3.4055,-1.0000,-1.0000
8/27/2007,1,-3.9649,0.0000,0.4531,-3.2730,-1.0000,-1.0000
8/27/2007,2,-4.4956,0.0000,1.3070,-3.6677,-1.0000,-1.0000
8/27/2007,3,-5.7531,0.0000,0.1183,-4.7785,-1.0000,-1.0000
8/27/2007,4,-5.1104,0.0000,1.2469,-4.0974,-1.0000,-1.0000
8/27/2007,5,-5.5577,0.0000,0.4029,-4.8938,-1.0000,-1.0000
8/27/2007,6,13.3698,40.7714,115.4372,12.2839,-0.1500,-0.3667
8/27/2007,7,153.9491,275.2938,554.8413,58.4144,1.1167,1.0000
8/27/2007,8,356.6728,529.7264,759.6870,72.5986,1.9667,1.0000
8/27/2007,9,552.4683,758.8738,818.2435,94.5568,4.7833,2.4167
8/27/2007,10,761.4388,946.6658,782.9905,201.6814,30.1667,20.0667
8/27/2007,11,834.2813,1080.1891,589.2364,333.7234,59.2000,36.5000
8/27/2007,12,709.7777,1150.2884,412.0222,341.2973,54.5000,35.2833
8/27/2007,13,536.4203,1152.1502,138.4881,411.9268,85.9333,65.1167
8/27/2007,14,408.5532,1085.6245,30.4388,382.9692,93.2000,71.2333
8/27/2007,15,170.6957,955.2342,0.6094,169.0248,98.8833,84.8833
8/27/2007,16,94.2204,769.8759,-4.2960,94.2204,98.5500,85.2167
8/27/2007,17,96.7179,542.2503,0.1397,96.7179,96.7333,82.1333
8/27/2007,18,47.8414,288.2464,-1.2933,47.8308,89.4000,67.1500
8/27/2007,19,6.5532,47.9839,0.9676,6.6274,8.6167,3.8167
8/27/2007,20,-2.5246,0.0000,0.1921,-2.1919,-1.0000,-1.0000
8/27/2007,21,-2.1902,0.0000,-0.8020,-2.2915,-1.0000,-1.0000
8/27/2007,22,-0.1385,0.0000,1.2252,-0.4379,-1.0000,-1.0000
8/27/2007,23,-0.9511,0.0000,2.8421,-1.2401,-1.0000,-1.0000
8/28/2007,0,-1.0593,0.0000,3.6271,-1.6735,-1.0000,-1.0000
8/28/2007,1,-2.5309,0.0000,1.6398,-2.5818,-1.0000,-1.0000
8/28/2007,2,-2.9935,0.0000,2.0939,-2.4735,-1.0000,-1.0000
8/28/2007,3,-2.9119,0.0000,2.1518,-2.0980,-1.0000,-1.0000
8/28/2007,4,-2.1912,0.0000,1.7645,-0.4289,-1.0000,-1.0000
8/28/2007,5,-1.8323,0.0000,0.8386,-0.7687,-1.0000,-1.0000
8/28/2007,6,14.7653,38.6494,129.9171,14.1694,-0.5667,-0.5667
8/28/2007,7,155.0848,271.6821,583.6260,55.8263,1.1071,1.0000
8/28/2007,8,350.5260,526.3973,757.9990,65.6079,0.9667,0.9667
8/28/2007,9,533.8750,755.7209,694.1573,144.3184,16.2333,9.1500
8/28/2007,10,419.2210,943.5570,95.7573,341.4201,63.8333,47.8000
8/28/2007,11,504.5485,1076.9880,34.0057,482.2945,91.9167,69.7000
8/28/2007,12,656.2173,1146.8638,122.1867,545.8641,94.1833,67.7667
8/28/2007,13,362.8085,1148.3865,6.9285,357.4748,96.6000,77.3167
8/28/2007,14,340.7680,1081.4290,17.3675,328.9839,93.4500,75.1167
8/28/2007,15,697.5558,950.5440,730.2888,176.3221,25.1667,17.8667
8/28/2007,16,348.9373,764.6624,257.0669,203.1009,44.4000,35.1000
8/28/2007,17,321.1983,536.5233,343.0070,196.1232,67.0667,48.2833
8/28/2007,18,113.2888,282.0708,285.8604,67.1673,26.1333,17.9167
8/28/2007,19,4.2550,44.1904,-0.9234,5.0359,4.7167,3.3667
8/28/2007,20,-3.3983,0.0000,-0.7719,-2.6680,-1.0000,-1.0000
8/28/2007,21,-3.2377,0.0000,0.1962,-2.6567,-1.0000,-1.0000
8/28/2007,22,-2.8104,0.0000,0.7506,-2.3058,-1.0000,-1.0000
8/28/2007,23,-3.8018,0.0000,0.1308,-2.9906,-1.0000,-1.0000
8/29/2007,0,-4.4058,0.0000,0.2639,-3.5947,-1.0000,-1.0000
8/29/2007,1,-3.3144,0.0000,0.2236,-2.8105,-1.0000,-1.0000
8/29/2007,2,-3.3970,0.0000,0.2475,-2.7282,-1.0000,-1.0000
8/29/2007,3,-4.5086,0.0000,-0.4726,-3.6749,-1.0000,-1.0000
8/29/2007,4,-4.0900,0.0000,0.4891,-3.4301,-1.0000,-1.0000
8/29/2007,5,-3.5358,0.0000,0.4528,-2.8329,-1.0000,-1.0000
8/29/2007,6,9.2610,36.5810,35.4352,9.0613,0.3333,0.0333
8/29/2007,7,85.2015,268.0507,62.4027,73.0472,34.1833,23.8167
8/29/2007,8,338.9738,523.0387,683.9698,86.0444,4.3167,3.2000
8/29/2007,9,534.5583,752.5281,803.9990,93.5575,0.7000,0.4000
8/29/2007,10,708.3080,940.3977,821.0838,128.9941,0.9000,0.6167
8/29/2007,11,834.9530,1073.7254,818.7555,166.3734,3.4333,1.9833
8/29/2007,12,700.1290,1143.3682,538.0549,223.3515,24.3333,16.1167
8/29/2007,13,513.5378,1144.5437,213.1117,328.6524,74.9024,54.5122
8/29/2007,14,231.1032,1077.1486,4.6277,229.3720,90.6000,75.7833
8/29/2007,15,408.7077,945.7657,143.8278,296.0854,81.4000,66.2333
8/29/2007,16,220.9317,759.3606,39.2959,198.4935,79.0333,58.3500
8/29/2007,17,107.6102,530.7108,0.2885,107.6102,95.8667,83.6167
8/29/2007,18,86.5889,275.8167,11.5754,85.0929,83.9333,57.8167
8/29/2007,19,3.1333,40.5089,-0.3580,3.6728,5.9667,3.0667
8/29/2007,20,-4.9604,0.0000,0.5315,-4.2202,-1.0000,-1.0000
8/29/2007,21,-4.3931,0.0000,1.2112,-4.1324,-1.0000,-1.0000
8/29/2007,22,-3.8130,0.0000,0.3562,-3.4162,-1.0000,-1.0000
8/29/2007,23,-3.8638,0.0000,0.1332,-3.1993,-1.0000,-1.0000
8/30/2007,0,-3.6187,0.0000,0.2435,-2.9704,-1.0000,-1.0000
8/30/2007,1,-4.0529,0.0000,0.0748,-3.2028,-1.0000,-1.0000
8/30/2007,2,-4.2485,0.0000,-0.2862,-3.3102,-99999,-99999
8/30/2007,3,-4.2818,0.0000,0.1519,-3.4456,-99999,-99999
8/30/2007,4,-5.5199,0.0000,0.4129,-4.6605,-99999,-99999
8/30/2007,5,-4.3537,0.0000,0.5746,-3.7545,-99999,-99999
8/30/2007,6,10.7830,34.5664,94.9994,9.0670,-99999,-99999
8/30/2007,7,149.6626,264.3993,601.2030,47.9844,-99999,-99999
8/30/2007,8,348.9410,519.6497,794.1650,57.6025,0.0270,0.0270
8/30/2007,9,547.3262,749.2944,873.8330,67.3687,0.0000,0.0000
8/30/2007,10,719.7313,937.1866,919.8418,73.7044,0.0000,0.0000
8/30/2007,11,842.7238,1070.4007,942.6900,79.3870,0.0000,0.0000
8/30/2007,12,908.6877,1139.8011,953.8272,81.8779,0.0000,0.0000
8/30/2007,13,913.6698,1140.6218,957.4555,83.5748,0.6800,0.6800
8/30/2007,14,821.0797,1072.7839,863.6503,114.0163,23.5000,17.5000
8/30/2007,15,388.8995,940.9004,125.6825,288.4056,64.9167,50.2167
8/30/2007,16,483.7638,753.9721,573.1987,162.4598,33.7167,24.3833
8/30/2007,17,150.9243,524.8148,135.1990,109.8840,40.4833,28.3500
8/30/2007,18,116.9418,269.4868,367.9591,49.3466,7.0000,2.7333
8/30/2007,19,0.3197,36.9685,12.0651,1.2228,0.3167,0.0333
8/30/2007,20,-5.7963,0.0000,-0.2751,-4.9030,-1.0000,-1.0000
8/30/2007,21,-4.2055,0.0000,0.1299,-3.2804,-1.0000,-1.0000
8/30/2007,22,-3.7632,0.0000,0.5170,-3.1238,-1.0000,-1.0000
8/30/2007,23,-4.0972,0.0000,0.1319,-3.3633,-1.0000,-1.0000
8/31/2007,0,-3.9372,0.0000,0.4656,-3.2493,-1.0000,-1.0000
8/31/2007,1,-5.4154,0.0000,-0.1575,-4.5906,-1.0000,-1.0000
8/31/2007,2,-3.6584,0.0000,0.5224,-3.0471,-1.0000,-1.0000
8/31/2007,3,-4.3178,0.0000,0.6703,-3.7319,-1.0000,-1.0000
8/31/2007,4,-3.5225,0.0000,0.4540,-2.8343,-1.0000,-1.0000
8/31/2007,5,-3.7450,0.0000,0.3858,-2.8822,-1.0000,-1.0000
8/31/2007,6,11.2291,32.6055,107.2980,10.6703,-0.6333,-0.6333
8/31/2007,7,148.2163,260.7273,541.1162,58.3523,2.4500,1.7833
8/31/2007,8,335.4965,516.2299,743.5198,63.9592,1.4667,1.2833
8/31/2007,9,529.6582,746.0194,816.6208,83.4427,1.1667,0.8667
8/31/2007,10,714.0300,933.9231,893.9087,88.0820,1.2321,0.7857
8/31/2007,11,846.7647,1067.0135,914.1260,108.3785,4.8000,2.4500
8/31/2007,12,858.4283,1136.1625,763.3453,194.9205,23.6833,16.0000
8/31/2007,13,550.3822,1136.6212,183.3802,387.3624,77.0000,50.8167
8/31/2007,14,416.7042,1068.3355,67.9635,371.4784,92.6667,78.2167
8/31/2007,15,755.5522,935.9494,814.3390,200.0644,34.7667,22.3500
8/31/2007,16,147.5982,748.4985,67.0213,100.3603,28.3167,22.4667
8/31/2007,17,87.9602,518.8375,8.4047,83.9663,74.0667,53.3333
8/31/2007,18,15.0734,263.0841,-3.3905,15.0734,94.8500,72.4000
8/31/2007,19,2.9349,33.5559,-1.8259,3.2516,13.5333,8.1667
8/31/2007,20,-1.4156,0.0000,0.8686,-1.0514,-1.0000,-1.0000
8/31/2007,21,-2.0519,0.0000,-0.1936,-1.5469,-1.0000,-1.0000
8/31/2007,22,-1.6745,0.0000,0.4731,-1.2890,-1.0000,-1.0000
8/31/2007,23,-2.2457,0.0000,1.3319,-1.9016,-1.0000,-1.0000
