DATE,HOUR-MST,Avg Global PSP [W/m^2],Avg Global Extraterrestrial (calc) [W/m^2],Avg Direct NIP #2 [W/m^2],Avg Diffuse PSP (sband corr) [W/m^2],Avg Total Cloud Cover [%],Avg Opaque Cloud Cover [%]
7/1/2008,1,-3.7689,0.0000,-0.5083,-2.7778,-1.0000,-1.0000
7/1/2008,2,-3.8685,0.0000,-0.7170,-2.9227,-1.0000,-1.0000
7/1/2008,3,-4.3151,0.0000,-0.9767,-3.2087,-1.0000,-1.0000
7/1/2008,4,-4.7032,0.0000,-0.8951,-3.4293,-1.0000,-1.0000
7/1/2008,5,1.9801,13.4839,13.8688,2.4792,-1.0000,-1.0000
7/1/2008,6,101.2381,194.8668,458.3350,65.9080,3.2333,2.1167
7/1/2008,7,286.6487,436.9565,695.9240,94.3488,2.4667,1.2167
7/1/2008,8,460.5290,672.8366,737.5538,107.9670,4.9833,2.6667
7/1/2008,9,676.6082,885.6745,873.0090,92.4837,1.3000,1.1000
7/1/2008,10,799.2457,1060.8331,780.4495,173.5536,20.7000,15.0667
7/1/2008,11,341.7740,1186.3308,141.8868,215.3336,77.5667,52.2833
7/1/2008,12,147.3835,1253.5944,-7.3697,144.2280,93.4000,70.3000
7/1/2008,13,326.5173,1258.0281,47.8967,290.1796,95.1833,79.0500
7/1/2008,14,837.9098,1199.3239,458.9138,422.8983,78.3000,53.3500
7/1/2008,15,518.4680,1081.4820,145.9828,390.5160,93.0333,72.7333
7/1/2008,16,282.5932,912.5420,50.4607,251.3976,98.4167,83.2833
7/1/2008,17,329.4040,704.0467,103.1738,281.1956,96.6000,68.4333
7/1/2008,18,144.7833,470.3076,-0.7987,144.7833,98.9500,83.4500
7/1/2008,19,60.0853,227.8017,-2.0136,60.0853,91.0667,58.0500
7/1/2008,20,0.8905,26.1629,-1.3336,1.4707,3.4667,0.3333
7/1/2008,21,-4.0845,0.0000,0.0534,-3.1097,-1.0000,-1.0000
7/1/2008,22,-2.6519,0.0000,-0.0500,-2.0380,-1.0000,-1.0000
7/1/2008,23,-2.5876,0.0000,0.0276,-1.9242,-1.0000,-1.0000
7/2/2008,0,-3.1162,0.0000,-0.2066,-2.2384,-1.0000,-1.0000
7/2/2008,1,-2.4560,0.0000,0.4540,-1.8837,-1.0000,-1.0000
7/2/2008,2,-4.3845,0.0000,-0.2328,-3.4091,-1.0000,-1.0000
7/2/2008,3,-5.0925,0.0000,-1.3629,-3.7446,-1.0000,-1.0000
7/2/2008,4,-4.8753,0.0000,-0.6446,-3.4928,-1.0000,-1.0000
7/2/2008,5,1.9015,12.8593,23.9032,2.5683,-1.0000,-1.0000
7/2/2008,6,89.9912,193.0214,340.4492,63.6591,2.6333,1.4833
7/2/2008,7,297.7310,435.2145,553.7288,146.8992,21.6833,2.9833
7/2/2008,8,393.8105,671.2644,475.4298,160.4811,27.2667,10.7167
7/2/2008,9,645.0890,884.3111,794.0450,107.1813,6.1333,4.4000
7/2/2008,10,845.8680,1059.7019,919.8567,94.6954,1.0000,1.0000
7/2/2008,11,971.7427,1185.4381,935.7275,104.0627,1.0000,1.0000
7/2/2008,12,1033.6300,1252.9295,930.6010,119.6956,4.1500,2.7000
7/2/2008,13,1058.7283,1257.5646,924.8027,155.7120,11.5500,6.4333
7/2/2008,14,832.0637,1199.0210,644.7192,234.6780,44.9000,25.7833
7/2/2008,15,33.5269,1081.2874,-4.5929,33.5269,96.0333,70.3500
7/2/2008,16,241.8705,912.3953,22.4335,231.3956,96.8500,81.5667
7/2/2008,17,307.7855,703.8839,100.1897,256.7237,95.0167,77.9000
7/2/2008,18,136.4082,470.0660,36.0060,128.2609,55.5167,33.0500
7/2/2008,19,43.6734,227.4261,15.9244,41.8145,42.0167,18.0667
7/2/2008,20,2.2501,25.9231,-2.3343,2.7093,2.4167,1.1667
7/2/2008,21,-4.1897,0.0000,-2.6549,-3.0633,-1.0000,-1.0000
7/2/2008,22,-1.3503,0.0000,0.1089,-0.9372,-1.0000,-1.0000
7/2/2008,23,-1.2088,0.0000,0.1392,-0.8822,-1.0000,-1.0000
7/3/2008,0,-4.3138,0.0000,-1.1075,-3.3081,-1.0000,-1.0000
7/3/2008,1,-2.3355,0.0000,0.6475,-1.9131,-1.0000,-1.0000
7/3/2008,2,-3.0034,0.0000,0.1247,-2.4858,-1.0000,-1.0000
7/3/2008,3,-2.5028,0.0000,0.2692,-2.1728,-1.0000,-1.0000
7/3/2008,4,-4.3151,0.0000,-0.4734,-3.1526,-1.0000,-1.0000
7/3/2008,5,0.4221,12.2117,2.7592,0.8113,-1.0000,-1.0000
7/3/2008,6,89.1517,191.1007,319.5506,64.2351,4.7333,3.7000
7/3/2008,7,271.5990,433.4105,625.0698,95.0506,3.8667,2.8667
7/3/2008,8,423.4395,669.6428,587.2182,146.5465,13.4667,9.3167
7/3/2008,9,621.7975,882.9087,577.7844,221.5560,19.8000,12.0500
7/3/2008,10,610.8212,1058.5382,399.0687,288.3752,29.2667,16.9167
7/3/2008,11,948.2658,1184.5164,780.4605,220.6578,2.2833,1.2167
7/3/2008,12,999.7517,1252.2353,796.7845,214.4122,2.9000,1.3833
7/3/2008,13,1008.4478,1257.0666,813.9875,207.6302,2.2000,1.1333
7/3/2008,14,935.1300,1198.6754,768.5472,217.0412,2.9000,1.4167
7/3/2008,15,832.1377,1081.0386,772.1413,192.1605,2.3667,0.9000
7/3/2008,16,665.5393,912.1806,720.1432,175.5781,5.1167,2.7833
7/3/2008,17,341.1527,703.6380,411.9045,130.7710,13.9500,8.9000
7/3/2008,18,285.3370,469.7262,549.5913,122.7159,13.2833,5.1167
7/3/2008,19,58.5808,226.9385,134.5783,40.8371,26.2333,14.9500
7/3/2008,20,-1.7578,25.6297,-1.7509,-1.7059,3.0500,2.0500
7/3/2008,21,-3.6814,0.0000,1.6314,-3.2799,-1.0000,-1.0000
7/3/2008,22,-2.6863,0.0000,0.4494,-2.0235,-1.0000,-1.0000
7/3/2008,23,-5.1827,0.0000,-0.7324,-3.9546,-1.0000,-1.0000
7/4/2008,0,-3.8713,0.0000,-0.0180,-3.0076,-1.0000,-1.0000
7/4/2008,1,-5.0344,0.0000,-0.0780,-4.2162,-1.0000,-1.0000
7/4/2008,2,-4.3825,0.0000,-0.6014,-3.7853,-1.0000,-1.0000
7/4/2008,3,-4.1288,0.0000,-0.8133,-3.1471,-1.0000,-1.0000
7/4/2008,4,-3.6401,0.0000,0.0062,-2.6765,-1.0000,-1.0000
7/4/2008,5,0.8955,11.5677,24.1599,1.5295,-1.0000,-1.0000
7/4/2008,6,92.1393,189.1066,433.5498,58.2409,0.9000,0.9000
7/4/2008,7,276.6422,431.5463,703.9162,80.5519,1.0000,1.0000
7/4/2008,8,478.9105,667.9734,814.8208,85.0023,0.7167,0.7167
7/4/2008,9,679.5858,881.4682,885.0715,89.1548,0.8333,0.8333
7/4/2008,10,858.7870,1057.3434,929.9302,93.7803,1.0000,1.0000
7/4/2008,11,982.6655,1183.5664,944.9970,101.9636,1.0000,1.0000
7/4/2008,12,1038.1700,1251.5108,937.3422,113.1916,0.9333,0.9333
7/4/2008,13,1037.3200,1256.5338,928.7648,119.4142,0.9833,0.9833
7/4/2008,14,978.2353,1198.2855,923.0777,115.6620,0.9667,0.9667
7/4/2008,15,864.8325,1080.7340,898.5932,118.8266,1.9000,1.0333
7/4/2008,16,630.7460,911.8960,671.3492,164.4099,11.7167,5.3500
7/4/2008,17,324.6263,703.3077,340.2161,156.1490,36.2000,24.7167
7/4/2008,18,120.8507,469.2870,58.6970,100.1251,49.6167,34.7167
7/4/2008,19,92.2410,226.3379,252.1320,76.6458,46.8167,27.6667
7/4/2008,20,-0.5324,25.2868,-0.8696,0.5081,2.3500,1.3667
7/4/2008,21,-5.6844,0.0000,-0.9480,-4.3286,-1.0000,-1.0000
7/4/2008,22,-5.8839,0.0000,-1.5544,-4.1217,-1.0000,-1.0000
7/4/2008,23,-6.3897,0.0000,-1.0964,-5.0080,-1.0000,-1.0000
7/5/2008,0,-5.0413,0.0000,-0.9852,-4.0392,-1.0000,-1.0000
7/5/2008,1,-5.5444,0.0000,-0.8409,-4.2417,-1.0000,-1.0000
7/5/2008,2,-5.3581,0.0000,-0.8947,-4.3166,-1.0000,-1.0000
7/5/2008,3,-4.1924,0.0000,-0.3391,-3.2750,-1.0000,-1.0000
7/5/2008,4,-4.1037,0.0000,0.6902,-3.2978,-1.0000,-1.0000
7/5/2008,5,1.0609,10.9071,13.1987,1.4386,-1.0000,-1.0000
7/5/2008,6,73.6106,187.0415,148.4797,60.2296,11.3333,5.0000
7/5/2008,7,262.9177,429.6236,542.8955,107.7087,5.6000,3.9167
7/5/2008,8,464.5165,666.2579,661.4722,149.6300,13.0333,3.4333
7/5/2008,9,653.9075,879.9913,688.5887,193.3217,18.9500,9.3167
7/5/2008,10,854.2027,1056.1181,803.4870,191.8525,15.8833,8.8833
7/5/2008,11,550.4432,1182.5870,342.2316,235.0694,45.4833,31.0667
7/5/2008,12,295.1780,1250.7561,40.8255,252.7331,88.5167,66.9000
7/5/2008,13,200.6075,1255.9649,2.2558,200.6075,95.4500,82.2500
7/5/2008,14,194.6687,1197.8510,9.7521,187.8995,95.7667,76.2333
7/5/2008,15,176.6070,1080.3718,0.0047,176.6070,98.8333,85.3000
7/5/2008,16,109.6548,911.5406,0.8055,109.6548,99.2000,90.4000
7/5/2008,17,42.7578,702.8914,-2.5947,42.7578,99.0333,90.4000
7/5/2008,18,32.0472,468.7463,-1.6702,32.0472,98.1833,88.9167
7/5/2008,19,14.2752,225.6228,-1.1495,14.2752,82.7833,61.3833
7/5/2008,20,-0.0003,24.8878,-0.5178,0.3767,3.5333,2.2667
7/5/2008,21,-1.8812,0.0000,0.2682,-1.4151,-1.0000,-1.0000
7/5/2008,22,-2.3010,0.0000,-0.0552,-1.7275,-1.0000,-1.0000
7/5/2008,23,-2.5685,0.0000,-0.2808,-1.8896,-1.0000,-1.0000
7/6/2008,0,-3.6239,0.0000,-0.5185,-2.6884,-1.0000,-1.0000
7/6/2008,1,-2.7362,0.0000,-0.2575,-1.9039,-1.0000,-1.0000
7/6/2008,2,-2.3390,0.0000,0.0329,-1.7241,-1.0000,-1.0000
7/6/2008,3,-3.2413,0.0000,0.0916,-2.3034,-1.0000,-1.0000
7/6/2008,4,-4.0667,0.0000,-0.6246,-3.2138,-1.0000,-1.0000
7/6/2008,5,-1.5141,10.2509,-0.6357,-0.8044,-1.0000,-1.0000
7/6/2008,6,65.4564,184.9071,31.0098,63.3264,60.5333,40.6000
7/6/2008,7,113.3778,427.6441,12.2030,111.2284,80.6667,57.8833
7/6/2008,8,396.1462,664.4972,553.8315,110.4121,15.9333,7.5333
7/6/2008,9,596.1708,878.4783,617.3815,173.0224,16.4333,10.5000
7/6/2008,10,792.7197,1054.8623,575.0357,300.5131,38.3167,24.4333
7/6/2008,11,346.9890,1181.5795,31.4261,314.1298,87.0833,54.0500
7/6/2008,12,519.6553,1249.9701,108.9212,406.4943,89.6333,64.2333
7/6/2008,13,244.2613,1255.3590,4.8967,237.6326,96.2833,73.3333
7/6/2008,14,228.3271,1197.3697,37.9842,193.0834,88.7500,52.4500
7/6/2008,15,377.7540,1079.9512,165.5360,234.7229,83.2333,55.2500
7/6/2008,16,72.9345,911.1121,-9.0652,72.9345,98.0000,76.2000
7/6/2008,17,286.5532,702.3870,216.2798,171.7485,55.4500,39.3000
7/6/2008,18,170.1727,468.1029,146.6892,120.7889,54.7000,31.8500
7/6/2008,19,55.2865,224.7923,4.6927,55.2865,54.1500,28.4667
7/6/2008,20,2.0572,24.4324,0.2519,2.6607,4.5000,2.8167
7/6/2008,21,-4.1802,0.0000,-0.9872,-3.1625,-1.0000,-1.0000
7/6/2008,22,-4.1456,0.0000,-0.3842,-3.3158,-1.0000,-1.0000
7/6/2008,23,-3.2075,0.0000,-0.3122,-2.6936,-1.0000,-1.0000
7/7/2008,0,-2.2783,0.0000,0.0896,-1.9310,-1.0000,-1.0000
7/7/2008,1,-1.6904,0.0000,0.2194,-1.4241,-1.0000,-1.0000
7/7/2008,2,-3.3289,0.0000,-1.2653,-2.4704,-1.0000,-1.0000
7/7/2008,3,-3.5233,0.0000,-0.6837,-2.4734,-1.0000,-1.0000
7/7/2008,4,-2.1909,0.0000,0.3475,-1.6907,-1.0000,-1.0000
7/7/2008,5,-0.3883,9.5912,0.3564,-0.2337,-1.0000,-1.0000
7/7/2008,6,22.9265,182.7051,1.4634,22.9265,71.7000,47.7667
7/7/2008,7,77.1185,425.6094,2.0887,77.1185,97.8500,90.0667
7/7/2008,8,203.9937,662.6926,9.4331,202.5214,99.4833,96.0000
7/7/2008,9,112.9520,876.9298,-0.3591,112.9520,99.3167,81.6667
7/7/2008,10,63.6560,1053.5759,-8.1069,63.5494,96.9667,59.8833
7/7/2008,11,520.3638,1180.5426,74.5105,448.4568,89.1333,45.9500
7/7/2008,12,734.3787,1249.1526,81.0693,649.8134,91.7000,61.5167
7/7/2008,13,859.5665,1254.7146,274.3206,562.0688,83.1833,58.2167
7/7/2008,14,727.3857,1196.8402,348.2462,389.8741,52.3167,31.6833
7/7/2008,15,569.1752,1079.4702,301.3205,299.8503,45.4833,31.5500
7/7/2008,16,151.8486,910.6092,-6.0352,151.8372,93.9333,73.9667
7/7/2008,17,116.4999,701.7931,-0.4838,116.4999,96.3500,80.8000
7/7/2008,18,47.8623,467.3557,-3.1661,47.8623,95.4000,63.3833
7/7/2008,19,106.5726,223.8451,301.3148,86.3591,34.9000,14.8000
7/7/2008,20,8.8489,23.9271,25.6410,9.8172,2.7000,1.4500
7/7/2008,21,-4.8641,0.0000,-0.5174,-3.8896,-1.0000,-1.0000
7/7/2008,22,-3.3072,0.0000,0.1912,-2.7323,-1.0000,-1.0000
7/7/2008,23,-2.6235,0.0000,0.0987,-2.0317,-1.0000,-1.0000
7/8/2008,0,-2.7905,0.0000,-0.4140,-2.0419,-1.0000,-1.0000
7/8/2008,1,-3.2376,0.0000,0.0860,-2.4820,-1.0000,-1.0000
7/8/2008,2,-2.3939,0.0000,0.2583,-1.8980,-1.0000,-1.0000
7/8/2008,3,-2.9632,0.0000,-0.2037,-2.1964,-1.0000,-1.0000
7/8/2008,4,-3.7045,0.0000,-0.1710,-2.8422,-1.0000,-1.0000
7/8/2008,5,1.0103,8.9294,15.2910,1.3629,-1.0000,-1.0000
7/8/2008,6,87.5029,180.4377,425.9952,56.2882,1.5167,1.2667
7/8/2008,7,268.5048,423.5206,715.4608,77.5488,1.0000,1.0000
7/8/2008,8,483.5927,660.8450,826.9300,91.7587,2.3500,1.7667
7/8/2008,9,685.9497,875.3463,735.0433,194.2926,23.7833,13.7667
7/8/2008,10,864.2503,1052.2592,910.4438,120.1023,6.1167,3.7000
7/8/2008,11,1007.1460,1179.4764,876.7887,200.8531,24.4500,14.6833
7/8/2008,12,765.7650,1248.3022,447.6368,316.9613,48.3833,35.1833
7/8/2008,13,820.5908,1254.0306,470.7909,331.7084,45.6500,32.1667
7/8/2008,14,615.5140,1196.2614,240.0918,375.7277,74.0500,49.3167
7/8/2008,15,602.0270,1078.9271,277.7142,376.5338,77.5333,52.5500
7/8/2008,16,650.1128,910.0299,599.1547,238.1420,52.8333,36.0500
7/8/2008,17,506.1407,701.1081,736.7868,133.2846,18.7167,11.2667
7/8/2008,18,272.6167,466.5030,595.0470,92.5114,8.2833,5.7667
7/8/2008,19,88.2262,222.7805,374.6377,57.8482,7.6500,6.8167
7/8/2008,20,1.8461,23.3778,21.6242,2.6376,0.4333,0.3667
7/8/2008,21,-4.7341,0.0000,-0.2535,-3.9871,-1.0000,-1.0000
7/8/2008,22,-5.4457,0.0000,-1.3734,-4.4197,-1.0000,-1.0000
7/8/2008,23,-5.3345,0.0000,-1.7892,-3.9861,-1.0000,-1.0000
7/9/2008,0,-4.3593,0.0000,-0.7266,-3.1969,-1.0000,-1.0000
7/9/2008,1,-3.8087,0.0000,-0.7244,-2.5936,-1.0000,-1.0000
7/9/2008,2,-3.1627,0.0000,-0.0164,-2.4560,-1.0000,-1.0000
7/9/2008,3,-5.0823,0.0000,-0.4862,-4.1345,-1.0000,-1.0000
7/9/2008,4,-3.7744,0.0000,-0.3377,-3.1071,-1.0000,-1.0000
7/9/2008,5,0.6389,8.2826,22.4362,1.2747,-1.0000,-1.0000
7/9/2008,6,85.2186,178.1065,399.5928,57.7303,1.8500,1.7000
7/9/2008,7,261.9862,421.3791,668.3408,84.2064,2.8500,1.9333
7/9/2008,8,469.2022,658.9554,791.6455,94.6355,2.3000,1.3000
7/9/2008,9,667.4270,873.7284,854.6707,105.0495,1.0500,1.0000
7/9/2008,10,836.9257,1050.9121,891.1803,116.5045,1.0000,1.0000
7/9/2008,11,963.4952,1178.3798,912.9390,125.7880,1.0333,1.0333
7/9/2008,12,1028.9018,1247.4181,920.7658,131.9963,2.3667,2.0167
7/9/2008,13,1022.7683,1253.3057,902.7237,140.3126,3.0667,2.2333
7/9/2008,14,949.2115,1195.6311,843.8820,161.4170,3.7667,2.6167
7/9/2008,15,818.0208,1078.3202,714.4161,223.9114,19.5833,11.0833
7/9/2008,16,646.5385,909.3729,563.2230,261.2736,39.9833,25.2500
7/9/2008,17,426.0915,700.3308,609.0076,126.0877,6.9500,4.0500
7/9/2008,18,267.5543,465.5438,541.1255,112.8303,11.0000,6.0500
7/9/2008,19,97.6731,221.5978,369.6837,64.2178,6.0000,4.3167
7/9/2008,20,-0.0701,22.7737,13.5806,1.1429,-0.3833,-0.5167
7/9/2008,21,-5.4921,0.0000,-0.1270,-4.3463,-1.0000,-1.0000
7/9/2008,22,-5.7423,0.0000,-1.1113,-4.5006,-1.0000,-1.0000
7/9/2008,23,-6.6586,0.0000,-0.8872,-5.2823,-1.0000,-1.0000
7/10/2008,0,-3.9045,0.0000,0.6882,-3.2928,-1.0000,-1.0000
7/10/2008,1,-5.0375,0.0000,-0.8325,-3.5682,-1.0000,-1.0000
7/10/2008,2,-4.0162,0.0000,-0.2295,-3.2019,-1.0000,-1.0000
7/10/2008,3,-3.7851,0.0000,-0.2252,-2.9203,-1.0000,-1.0000
7/10/2008,4,-4.2857,0.0000,-0.8146,-3.1782,-1.0000,-1.0000
7/10/2008,5,-1.4518,7.6373,6.0821,-0.4430,-1.0000,-1.0000
7/10/2008,6,81.2070,175.7132,323.3839,56.7323,3.0500,2.2667
7/10/2008,7,266.9135,419.1862,648.3550,95.7527,4.6167,3.6167
7/10/2008,8,476.1937,657.0242,782.6958,107.5377,4.6333,3.2833
7/10/2008,9,670.2785,872.0761,850.9863,111.4925,1.7167,1.1167
7/10/2008,10,849.9627,1049.5343,863.3920,149.8973,6.6833,4.2833
7/10/2008,11,950.0820,1177.2524,885.8065,134.1251,3.5833,2.2333
7/10/2008,12,1025.9652,1246.4991,828.4672,213.2861,17.3833,12.2333
7/10/2008,13,945.8807,1252.5387,601.3405,348.9212,44.2167,32.6333
7/10/2008,14,826.0540,1194.9483,562.6624,299.7556,30.7333,19.1667
7/10/2008,15,663.0803,1077.6478,516.7348,235.8295,26.5167,17.0833
7/10/2008,16,521.9325,908.6364,396.0513,251.8013,51.5167,35.4500
7/10/2008,17,415.8423,699.4595,513.9306,168.7372,34.0833,19.7667
7/10/2008,18,271.0278,464.4769,453.7469,134.2884,35.7667,22.7500
7/10/2008,19,61.1888,220.2961,105.7172,53.4086,51.0167,36.1500
7/10/2008,20,-0.2558,22.1289,8.8048,0.5488,4.2833,2.7667
7/10/2008,21,-6.9060,0.0000,-1.5233,-5.1254,-1.0000,-1.0000
7/10/2008,22,-5.9244,0.0000,-1.0565,-4.5961,-1.0000,-1.0000
7/10/2008,23,-4.5487,0.0000,-0.7377,-3.7243,-1.0000,-1.0000
7/11/2008,0,-4.1351,0.0000,-0.7682,-3.2108,-1.0000,-1.0000
7/11/2008,1,-4.8508,0.0000,-0.8609,-3.4820,-1.0000,-1.0000
7/11/2008,2,-5.2418,0.0000,-0.9449,-3.8647,-1.0000,-1.0000
7/11/2008,3,-5.4083,0.0000,-1.0686,-3.9361,-1.0000,-1.0000
7/11/2008,4,-5.4976,0.0000,-1.1050,-3.9224,-1.0000,-1.0000
7/11/2008,5,-0.7139,6.9993,1.3351,-0.0052,-1.0000,-1.0000
7/11/2008,6,80.2466,173.2594,273.4997,65.1877,19.4500,8.3667
7/11/2008,7,245.7713,416.9431,486.3292,126.6267,14.2000,6.7333
7/11/2008,8,433.2183,655.0524,591.7808,164.7682,9.2000,4.4833
7/11/2008,9,634.2062,870.3899,692.6608,189.8493,8.7000,2.4000
7/11/2008,10,810.1480,1048.1257,772.6055,199.2333,3.5333,1.0000
7/11/2008,11,926.8593,1176.0934,746.5702,245.4967,5.5833,2.1167
7/11/2008,12,656.1768,1245.5443,350.0282,305.5784,33.1500,15.7333
7/11/2008,13,754.5087,1251.7278,433.9718,323.9102,40.2167,20.1833
7/11/2008,14,872.2800,1194.2112,633.5322,290.2898,21.4667,10.7000
7/11/2008,15,771.7363,1076.9086,549.7807,329.3697,37.9833,18.5333
7/11/2008,16,572.2682,907.8190,355.1600,348.2144,78.5000,47.0500
7/11/2008,17,314.8752,698.4932,120.8808,256.5881,88.5667,63.1500
7/11/2008,18,174.0244,463.3016,55.4271,157.9378,92.4833,72.4833
7/11/2008,19,26.7428,218.8751,-4.1843,26.7428,85.5000,61.2500
7/11/2008,20,-1.2527,21.4404,-1.8277,-0.6216,2.3500,1.2167
7/11/2008,21,-3.0526,0.0000,-1.6269,-2.0990,-1.0000,-1.0000
7/11/2008,22,-3.8217,0.0000,-1.3434,-2.6705,-1.0000,-1.0000
7/11/2008,23,-3.3027,0.0000,-0.4095,-2.4026,-1.0000,-1.0000
7/12/2008,0,-4.7589,0.0000,-1.0983,-3.4805,-1.0000,-1.0000
7/12/2008,1,-4.7670,0.0000,-0.6775,-3.7660,-1.0000,-1.0000
7/12/2008,2,-4.7435,0.0000,-0.9747,-3.5128,-1.0000,-1.0000
7/12/2008,3,-4.3638,0.0000,-0.3793,-3.2245,-1.0000,-1.0000
7/12/2008,4,-4.3756,0.0000,-0.5332,-3.2618,-1.0000,-1.0000
7/12/2008,5,-0.7611,6.3840,0.7290,0.0094,-1.0000,-1.0000
7/12/2008,6,69.1575,170.7468,181.4834,57.6489,13.1333,7.7000
7/12/2008,7,233.1772,414.6509,465.0853,109.2764,7.5667,4.4667
7/12/2008,8,440.5383,653.0408,659.3435,125.4990,5.1167,3.1167
7/12/2008,9,649.2695,868.6699,787.4187,127.9029,1.5833,1.0167
7/12/2008,10,825.9792,1046.6859,852.6645,134.8047,1.0000,1.0000
7/12/2008,11,944.3820,1174.9022,863.6073,148.7762,1.0000,1.0000
7/12/2008,12,1013.1867,1244.5527,885.8853,144.1669,1.0167,1.0167
7/12/2008,13,1006.4473,1250.8724,857.3627,163.0279,1.0833,1.0833
7/12/2008,14,955.6010,1193.4186,870.4503,141.7564,0.9821,0.9821
7/12/2008,15,838.9555,1076.1012,858.0223,124.5072,0.2500,0.2500
7/12/2008,16,674.3128,906.9194,815.3693,113.7132,0.0000,0.0000
7/12/2008,17,482.9043,697.4305,756.5523,98.9406,0.8000,0.4167
7/12/2008,18,282.0403,462.0169,633.4392,89.1797,2.8000,1.8167
7/12/2008,19,91.1114,217.3343,332.5540,58.1313,2.6167,2.1833
7/12/2008,20,1.8195,20.7088,9.8411,2.8292,0.1167,-0.0333
7/12/2008,21,-6.3537,0.0000,-0.5454,-5.1628,-1.0000,-1.0000
7/12/2008,22,-5.3298,0.0000,-1.1411,-4.1826,-1.0000,-1.0000
7/12/2008,23,-5.5727,0.0000,-0.9227,-4.0772,-1.0000,-1.0000
7/13/2008,0,-4.5282,0.0000,-0.6919,-3.4770,-1.0000,-1.0000
7/13/2008,1,-4.6329,0.0000,-0.6050,-3.8532,-1.0000,-1.0000
7/13/2008,2,-4.5595,0.0000,-0.7540,-3.6876,-1.0000,-1.0000
7/13/2008,3,-4.1546,0.0000,-0.6535,-3.4277,-1.0000,-1.0000
7/13/2008,4,-4.3003,0.0000,-0.6933,-3.4921,-1.0000,-1.0000
7/13/2008,5,-0.7508,5.7798,10.6899,-0.1749,-1.0000,-1.0000
7/13/2008,6,82.4718,168.1771,400.1407,54.6535,0.7333,0.7333
7/13/2008,7,266.6612,412.3107,704.3308,80.2572,1.0000,1.0000
7/13/2008,8,473.4730,650.9898,833.2942,79.7645,1.0000,1.0000
7/13/2008,9,679.6685,866.9163,909.7150,80.9827,1.0000,1.0000
7/13/2008,10,854.7807,1045.2148,950.4248,85.4158,1.0000,1.0000
7/13/2008,11,978.4545,1173.6783,965.1682,93.2491,1.0000,1.0000
7/13/2008,12,1047.5483,1243.5232,975.6633,94.9221,1.0000,1.0000
7/13/2008,13,1047.8400,1249.9707,967.9400,98.7816,1.0536,1.0536
7/13/2008,14,987.1037,1192.5689,950.3727,104.0171,0.9667,0.9667
7/13/2008,15,866.5107,1075.2239,925.1475,104.1022,0.1167,0.1167
7/13/2008,16,691.4033,905.9362,871.9643,100.6111,0.0000,0.0000
7/13/2008,17,490.3298,696.2704,794.4373,95.8085,1.3500,0.8333
7/13/2008,18,268.4623,460.6219,610.4122,85.2578,3.2500,2.1333
7/13/2008,19,65.7515,215.6733,265.9696,48.2831,3.7167,2.5333
7/13/2008,20,-1.9108,19.9441,17.6269,-0.5802,-0.3833,-0.3833
7/13/2008,21,-6.6321,0.0000,-1.6824,-4.6695,-1.0000,-1.0000
7/13/2008,22,-5.8343,0.0000,-0.5003,-4.5723,-1.0000,-1.0000
7/13/2008,23,-5.5383,0.0000,-0.7182,-4.6040,-1.0000,-1.0000
7/14/2008,0,-5.6167,0.0000,0.2448,-4.4433,-1.0000,-1.0000
7/14/2008,1,-5.7155,0.0000,-2.0598,-4.2143,-1.0000,-1.0000
7/14/2008,2,-6.0260,0.0000,-0.6306,-4.8230,-1.0000,-1.0000
7/14/2008,3,-4.7466,0.0000,0.3295,-3.7770,-1.0000,-1.0000
7/14/2008,4,-5.5001,0.0000,-0.8069,-4.1388,-1.0000,-1.0000
7/14/2008,5,-0.1979,5.1897,17.0273,0.4839,-1.0000,-1.0000
7/14/2008,6,79.7443,165.5516,362.8987,60.0440,3.2500,2.2500
7/14/2008,7,263.3472,409.9233,621.5325,100.9732,5.4000,4.0333
7/14/2008,8,470.3488,648.9002,760.2725,118.4022,5.4667,2.8833
7/14/2008,9,677.4807,865.1294,768.1643,183.1623,14.5000,4.7000
7/14/2008,10,828.6787,1043.7120,818.3228,173.8114,7.3833,2.5833
7/14/2008,11,965.8835,1172.4210,828.0515,209.2712,10.2500,6.2667
7/14/2008,12,287.9293,1242.4549,10.6240,277.2779,69.5893,55.5714
7/14/2008,13,536.6265,1249.0218,142.6604,394.6965,95.2833,82.8667
7/14/2008,14,359.3380,1191.6611,9.1841,354.2894,94.3833,77.8167
7/14/2008,15,472.2758,1074.2754,83.2143,396.5965,87.0000,71.2167
7/14/2008,16,429.6098,904.8682,149.2586,321.9190,83.8833,63.8333
7/14/2008,17,259.1112,695.0120,86.5894,218.6846,72.1667,56.1833
7/14/2008,18,117.9652,459.1160,11.7724,114.4741,87.5333,69.8833
7/14/2008,19,44.8614,213.8919,31.1040,44.3611,77.7167,55.9667
7/14/2008,20,-2.0209,19.1412,-1.0884,-1.4141,3.5833,1.7000
7/14/2008,21,-4.5154,0.0000,-0.4422,-3.5509,-1.0000,-1.0000
7/14/2008,22,-3.8795,0.0000,-0.7622,-2.9656,-1.0000,-1.0000
7/14/2008,23,-3.5814,0.0000,-0.0463,-2.7511,-1.0000,-1.0000
7/15/2008,0,-3.8519,0.0000,-0.6557,-2.8608,-1.0000,-1.0000
7/15/2008,1,-3.2537,0.0000,-0.0785,-2.3059,-1.0000,-1.0000
7/15/2008,2,-3.3292,0.0000,-0.3802,-2.3127,-1.0000,-1.0000
7/15/2008,3,-4.4942,0.0000,-1.1995,-3.0533,-1.0000,-1.0000
7/15/2008,4,-4.2681,0.0000,-0.6308,-3.0077,-1.0000,-1.0000
7/15/2008,5,-1.5502,4.6239,3.1635,-0.7771,-1.0000,-1.0000
7/15/2008,6,67.2886,162.8722,251.1806,52.0292,4.1333,2.8000
7/15/2008,7,240.0837,407.4902,496.4760,114.0675,15.9500,8.9000
7/15/2008,8,457.0382,646.7726,724.2855,125.7162,9.8833,6.1167
7/15/2008,9,649.6892,863.3093,816.4818,120.7209,2.2833,1.4500
7/15/2008,10,827.0273,1042.1777,874.2053,128.9132,1.6833,1.0500
7/15/2008,11,950.9382,1171.1297,876.9028,150.4440,5.0667,2.8167
7/15/2008,12,952.3003,1241.3471,719.1843,243.6471,22.5833,15.2000
7/15/2008,13,561.8297,1248.0246,266.2711,292.7543,51.8667,40.3500
7/15/2008,14,954.1958,1190.6938,651.0312,340.0744,41.3833,23.4500
7/15/2008,15,927.5435,1073.2548,822.0773,265.0167,34.7667,20.1667
7/15/2008,16,573.8696,903.7144,573.8889,180.6244,24.3500,15.1333
7/15/2008,17,334.9054,693.6542,362.6777,164.5554,39.6333,26.1167
7/15/2008,18,102.4538,457.4986,59.3089,81.0157,30.5833,21.5333
7/15/2008,19,61.9376,211.9899,62.2788,57.0373,43.7167,28.4000
7/15/2008,20,-2.1149,18.3089,7.2263,-0.8432,0.3333,-0.0167
7/15/2008,21,-6.9987,0.0000,-1.3713,-5.5524,-1.0000,-1.0000
7/15/2008,22,-4.2638,0.0000,-0.2641,-3.3225,-1.0000,-1.0000
7/15/2008,23,-4.3279,0.0000,-0.3288,-3.3879,-1.0000,-1.0000
7/16/2008,0,-6.3529,0.0000,-1.0125,-4.9282,-1.0000,-1.0000
7/16/2008,1,-5.9510,0.0000,-0.8260,-4.3513,-1.0000,-1.0000
7/16/2008,2,-6.0696,0.0000,-0.8994,-4.5322,-1.0000,-1.0000
7/16/2008,3,-4.9071,0.0000,-0.0184,-3.7905,-1.0000,-1.0000
7/16/2008,4,-5.3523,0.0000,0.0558,-4.3034,-1.0000,-1.0000
7/16/2008,5,-2.2020,4.0843,3.5501,-1.7472,-1.0000,-1.0000
7/16/2008,6,70.2172,160.1402,292.1899,51.7291,2.1333,1.5000
7/16/2008,7,252.2857,405.0121,630.2820,89.9792,3.4667,2.4667
7/16/2008,8,460.7935,644.6075,781.3442,97.1930,2.5667,1.5667
7/16/2008,9,661.7213,861.4562,850.6847,108.4389,1.0000,1.0000
7/16/2008,10,835.3210,1040.6111,910.0457,109.6376,1.0000,1.0000
7/16/2008,11,957.1258,1169.8037,922.9322,118.2554,0.9167,0.9167
7/16/2008,12,1017.3778,1240.1985,919.9453,126.5758,0.8333,0.8333
7/16/2008,13,1012.6367,1246.9779,904.6493,132.3688,0.6818,0.6818
7/16/2008,14,963.9875,1189.6658,891.0443,142.0281,0.6038,0.6038
7/16/2008,15,842.5645,1072.1606,856.2670,141.6472,0.1333,0.0833
7/16/2008,16,665.6108,902.4735,786.5635,139.1255,0.1667,0.0500
7/16/2008,17,466.9752,692.1963,686.3432,132.4814,5.2000,2.2667
7/16/2008,18,259.1870,455.7691,457.6490,131.3672,17.9167,6.0333
7/16/2008,19,79.1989,209.9671,93.9501,67.3207,76.6667,47.7500
7/16/2008,20,0.1544,17.4506,-1.0504,0.6872,4.4167,2.0000
7/16/2008,21,-4.6979,0.0000,-0.8512,-3.5603,-1.0000,-1.0000
7/16/2008,22,-2.9483,0.0000,-0.5808,-2.2403,-1.0000,-1.0000
7/16/2008,23,-3.4403,0.0000,-1.0868,-2.6149,-1.0000,-1.0000
7/17/2008,0,-5.0182,0.0000,-0.7484,-3.8932,-1.0000,-1.0000
7/17/2008,1,-2.8021,0.0000,0.8298,-2.2520,-1.0000,-1.0000
7/17/2008,2,-3.3999,0.0000,-0.5903,-2.4082,-1.0000,-1.0000
7/17/2008,3,-3.0075,0.0000,0.2670,-2.3732,-1.0000,-1.0000
7/17/2008,4,-2.8410,0.0000,0.0513,-2.3043,-1.0000,-1.0000
7/17/2008,5,-2.6992,3.5670,-1.2535,-2.1559,-1.0000,-1.0000
7/17/2008,6,25.3787,157.3574,38.0861,21.6629,4.1000,3.5000
7/17/2008,7,228.3136,402.4901,511.4361,92.4697,6.5333,4.1000
7/17/2008,8,445.1503,642.4055,732.1072,108.9684,4.9833,3.1500
7/17/2008,9,595.6782,859.5703,642.7314,184.9698,16.8667,11.0333
7/17/2008,10,544.0918,1039.0123,171.7981,407.9559,80.4500,59.8667
7/17/2008,11,895.7877,1168.4425,633.3832,314.2426,40.9000,26.3500
7/17/2008,12,422.6437,1239.0086,21.5077,401.6133,93.5167,72.5667
7/17/2008,13,409.4730,1245.8807,12.7529,400.0198,96.0833,79.5833
7/17/2008,14,723.2700,1188.5758,323.1554,405.3471,60.4333,37.4000
7/17/2008,15,169.5098,1070.9917,-4.9477,169.5098,97.3333,78.1833
7/17/2008,16,181.2093,901.1448,2.1560,181.0939,94.7833,77.4333
7/17/2008,17,193.1025,690.6374,11.2533,188.8936,66.1833,47.0000
7/17/2008,18,191.0158,453.9270,147.0363,161.8585,88.6333,65.5333
7/17/2008,19,49.9444,207.8235,2.6137,49.9417,66.4333,46.4167
7/17/2008,20,-4.3452,16.5604,-3.2893,-2.8350,-0.3167,-0.5500
7/17/2008,21,-2.7944,0.0000,-0.3493,-1.8476,-1.0000,-1.0000
7/17/2008,22,-1.2000,0.0000,1.1680,-0.9922,-1.0000,-1.0000
7/17/2008,23,-3.9189,0.0000,-0.4265,-2.9614,-1.0000,-1.0000
7/18/2008,0,-3.2948,0.0000,0.0194,-2.6270,-1.0000,-1.0000
7/18/2008,1,-2.5837,0.0000,0.3048,-2.0161,-1.0000,-1.0000
7/18/2008,2,-3.3151,0.0000,0.1058,-2.5542,-1.0000,-1.0000
7/18/2008,3,-3.5449,0.0000,-0.2037,-2.7455,-1.0000,-1.0000
7/18/2008,4,-2.9723,0.0000,0.2234,-2.3340,-1.0000,-1.0000
7/18/2008,5,-1.1975,3.0743,3.8430,-0.7042,-1.0000,-1.0000
7/18/2008,6,65.3129,154.5251,295.2470,47.5792,1.5667,1.4000
7/18/2008,7,240.1178,399.9251,607.0535,86.4669,3.3000,2.3000
7/18/2008,8,442.1817,640.1673,753.9295,96.9825,2.9000,1.9000
7/18/2008,9,642.5980,857.6516,824.3928,111.2515,1.2500,1.0000
7/18/2008,10,818.1453,1037.3810,873.4045,123.7822,2.2667,1.6000
7/18/2008,11,824.7527,1167.0456,542.3197,333.7297,49.3500,33.1167
7/18/2008,12,773.6860,1237.7764,331.2331,449.9584,76.6833,60.5167
7/18/2008,13,888.3895,1244.7319,625.4644,280.0440,36.4500,26.0667
7/18/2008,14,852.9502,1187.4229,668.9208,231.3918,22.2333,13.8333
7/18/2008,15,389.1747,1069.7471,106.2187,294.3780,68.9500,53.3500
7/18/2008,16,461.1242,899.7270,299.7395,238.8782,44.5000,28.8667
7/18/2008,17,84.7624,688.9768,-0.8001,84.4935,96.5667,82.0500
7/18/2008,18,305.3442,451.9719,450.5015,188.6096,60.0333,33.4500
7/18/2008,19,77.0990,205.5593,269.9775,54.9451,7.6500,3.8667
7/18/2008,20,2.4585,15.6621,9.3510,3.0590,-0.5000,-0.5667
7/18/2008,21,-3.9474,0.0000,0.1394,-3.2021,-1.0000,-1.0000
7/18/2008,22,-5.6122,0.0000,-0.7811,-4.5259,-1.0000,-1.0000
7/18/2008,23,-5.4751,0.0000,-0.1945,-4.4663,-1.0000,-1.0000
7/19/2008,0,-3.4318,0.0000,0.9616,-3.0621,-1.0000,-1.0000
7/19/2008,1,-4.4888,0.0000,-0.4358,-3.4815,-1.0000,-1.0000
7/19/2008,2,-4.0556,0.0000,-0.7620,-3.1597,-1.0000,-1.0000
7/19/2008,3,-3.8852,0.0000,-1.1279,-2.8945,-1.0000,-1.0000
7/19/2008,4,-3.7058,0.0000,-0.9540,-2.7150,-1.0000,-1.0000
7/19/2008,5,-1.6401,2.6091,5.5494,-0.7968,-1.0000,-1.0000
7/19/2008,6,70.8477,151.6447,344.8125,50.6642,1.3833,1.3500
7/19/2008,7,246.3072,397.3179,646.8740,82.1186,2.9833,2.0000
7/19/2008,8,456.1760,637.8932,805.0428,84.9750,1.6500,1.1333
7/19/2008,9,659.7465,855.7004,878.5820,88.2427,1.0000,1.0000
7/19/2008,10,839.5003,1035.7168,927.7442,91.8320,1.0000,1.0000
7/19/2008,11,959.3752,1165.6122,936.3830,100.9451,0.8000,0.8000
7/19/2008,12,1025.1617,1236.5011,939.6822,109.6198,0.8333,0.8333
7/19/2008,13,1027.3617,1243.5305,931.9818,113.1070,1.6167,1.1000
7/19/2008,14,968.7785,1186.2060,911.0672,125.0119,2.7333,1.3167
7/19/2008,15,777.2705,1068.4258,759.1585,146.9286,7.7167,3.8667
7/19/2008,16,695.2175,898.2193,840.9077,135.0123,10.7833,5.5667
7/19/2008,17,290.2650,687.2139,263.4185,149.0432,45.5333,31.0833
7/19/2008,18,107.5377,449.9035,1.3620,107.1719,77.8167,60.5167
7/19/2008,19,68.9616,203.1746,146.8886,60.3195,56.8000,41.0833
7/19/2008,20,0.6526,14.7424,0.2149,2.0467,2.8833,2.4667
7/19/2008,21,-7.0248,0.0000,-0.9176,-5.6387,-1.0000,-1.0000
7/19/2008,22,-3.4535,0.0000,0.2824,-2.9945,-1.0000,-1.0000
7/19/2008,23,-4.0056,0.0000,-0.4140,-3.1784,-1.0000,-1.0000
7/20/2008,0,-6.4371,0.0000,-0.4173,-5.0633,-1.0000,-1.0000
7/20/2008,1,-7.7647,0.0000,-1.6569,-6.0767,-1.0000,-1.0000
7/20/2008,2,-5.4009,0.0000,-0.2484,-4.3851,-1.0000,-1.0000
7/20/2008,3,-4.9329,0.0000,-0.4089,-4.1642,-1.0000,-1.0000
7/20/2008,4,-5.7270,0.0000,-0.5265,-4.5312,-1.0000,-1.0000
7/20/2008,5,-2.0851,2.1836,7.0573,-1.1616,-1.0000,-1.0000
7/20/2008,6,74.3641,148.7179,338.2194,55.4092,3.3500,1.0500
7/20/2008,7,249.2810,394.6695,615.1628,94.5292,4.6167,2.9333
7/20/2008,8,441.6623,635.5838,758.2178,91.4028,3.0333,1.9500
7/20/2008,9,649.6245,853.7167,858.8827,94.3702,1.0333,1.0000
7/20/2008,10,796.4710,1034.0199,839.7545,118.1414,1.7833,1.0000
7/20/2008,11,958.5173,1164.1422,928.9183,109.3969,0.7000,0.7000
7/20/2008,12,1021.4562,1235.1822,912.1502,131.7909,4.0000,2.7500
7/20/2008,13,703.1723,1242.2759,403.4290,291.8117,42.2167,31.3000
7/20/2008,14,680.8283,1184.9243,353.6697,346.8220,50.4000,31.1167
7/20/2008,15,542.8457,1067.0270,233.6004,333.3506,50.6429,31.3393
7/20/2008,16,409.6957,896.6213,138.3594,316.8489,80.7833,52.5333
7/20/2008,17,272.6497,685.3482,86.2372,226.6867,81.3167,57.8833
7/20/2008,18,149.7828,447.7216,53.3679,136.7769,88.9500,59.9000
7/20/2008,19,53.6448,200.6695,0.9054,53.6448,69.8167,42.6333
7/20/2008,20,-2.9910,13.8060,-1.2153,-1.7895,-0.4167,-0.6833
7/20/2008,21,-6.9997,0.0000,-1.3231,-5.4679,-1.0000,-1.0000
7/20/2008,22,-6.1355,0.0000,-1.1477,-4.9221,-1.0000,-1.0000
7/20/2008,23,-6.3927,0.0000,-0.6128,-5.2399,-1.0000,-1.0000
7/21/2008,0,-4.7914,0.0000,-0.5683,-3.6875,-1.0000,-1.0000
7/21/2008,1,-5.5653,0.0000,-1.2029,-3.9382,-1.0000,-1.0000
7/21/2008,2,-5.5699,0.0000,-0.7693,-4.1958,-1.0000,-1.0000
7/21/2008,3,-7.1493,0.0000,-1.5037,-5.8015,-1.0000,-1.0000
7/21/2008,4,-5.7315,0.0000,-0.4909,-4.6199,-1.0000,-1.0000
7/21/2008,5,-2.4624,1.7899,4.4096,-2.0517,-1.0000,-1.0000
7/21/2008,6,65.3903,145.7459,349.6132,45.2298,0.5333,0.5333
7/21/2008,7,244.3028,391.9807,671.9730,75.8982,1.0167,1.0000
7/21/2008,8,448.9765,633.2396,806.7500,78.8002,1.0333,1.0000
7/21/2008,9,647.0073,851.7009,870.3938,85.2961,1.0000,1.0000
7/21/2008,10,824.1765,1032.2898,918.8230,92.7304,1.0000,1.0000
7/21/2008,11,955.0048,1162.6349,944.0057,97.1752,0.8833,0.8833
7/21/2008,12,1017.2005,1233.8188,946.8715,102.8210,0.9000,0.9000
7/21/2008,13,1028.1850,1240.9673,950.0183,110.8963,1.3167,0.9667
7/21/2008,14,1006.1178,1183.5770,896.7925,191.0317,14.7500,7.4333
7/21/2008,15,911.6832,1065.5500,770.9762,289.1892,52.6833,32.3500
7/21/2008,16,248.3095,894.9323,10.3535,240.8821,89.2333,78.4000
7/21/2008,17,356.6798,683.3793,202.4702,259.6089,77.8333,60.5667
7/21/2008,18,115.4104,445.4261,3.0406,115.3466,89.9167,70.5833
7/21/2008,19,36.2364,198.0444,-0.8992,36.2364,81.7167,49.1167
7/21/2008,20,0.2080,12.8681,-1.1896,0.9484,0.0667,-0.3667
7/21/2008,21,-4.1609,0.0000,0.2608,-3.3408,-1.0000,-1.0000
7/21/2008,22,-4.2035,0.0000,-0.4981,-3.2319,-1.0000,-1.0000
7/21/2008,23,-5.3389,0.0000,-0.6234,-4.0736,-1.0000,-1.0000
7/22/2008,0,-5.3195,0.0000,-0.9956,-3.8478,-1.0000,-1.0000
7/22/2008,1,-4.0386,0.0000,-0.3693,-2.8851,-1.0000,-1.0000
7/22/2008,2,-3.5651,0.0000,-0.1994,-2.7324,-1.0000,-1.0000
7/22/2008,3,-3.5487,0.0000,-0.1429,-2.7761,-1.0000,-1.0000
7/22/2008,4,-3.9770,0.0000,-0.4126,-3.0948,-1.0000,-1.0000
7/22/2008,5,-2.7107,1.4297,1.8288,-1.8314,-1.0000,-1.0000
7/22/2008,6,64.3352,142.7304,307.8264,47.3749,1.5500,1.3167
7/22/2008,7,237.4783,389.2524,611.7942,87.3070,5.0000,3.1333
7/22/2008,8,436.8552,630.8613,758.7857,90.5792,2.4833,1.4500
7/22/2008,9,632.6913,849.6529,837.7822,94.6097,1.0000,1.0000
7/22/2008,10,810.4592,1030.5267,897.9760,96.3237,0.9833,0.9833
7/22/2008,11,940.4040,1161.0901,929.9472,96.8647,0.7500,0.7500
7/22/2008,12,1015.6035,1232.4107,942.2498,105.4828,2.9667,2.3833
7/22/2008,13,765.4768,1239.6039,580.1610,193.7798,28.2500,19.6000
7/22/2008,14,157.0224,1182.1634,-3.8962,157.0224,87.4667,66.7000
7/22/2008,15,379.3849,1063.9941,87.8040,310.3459,93.7333,75.3667
7/22/2008,16,634.9677,893.1516,550.6203,284.6820,58.4667,43.4667
7/22/2008,17,428.8600,681.3070,609.7882,135.8313,13.4833,7.2833
7/22/2008,18,245.5333,443.0168,507.2406,99.8325,11.7167,7.3333
7/22/2008,19,44.6170,195.2997,42.7506,40.8704,21.2333,11.6000
7/22/2008,20,-3.5596,11.9284,-0.9813,-2.5421,-0.7167,-0.7833
7/22/2008,21,-4.6376,0.0000,-0.3035,-3.6062,-1.0000,-1.0000
7/22/2008,22,-4.9450,0.0000,-1.2069,-3.7958,-1.0000,-1.0000
7/22/2008,23,-4.7632,0.0000,0.0823,-3.7258,-1.0000,-1.0000
7/23/2008,0,-3.1640,0.0000,-0.1381,-2.6008,-1.0000,-1.0000
7/23/2008,1,-3.3963,0.0000,-0.2170,-2.3137,-1.0000,-1.0000
7/23/2008,2,-5.2480,0.0000,-0.7375,-3.9251,-1.0000,-1.0000
7/23/2008,3,-5.4000,0.0000,-1.5922,-4.3255,-1.0000,-1.0000
7/23/2008,4,-6.4772,0.0000,-0.4445,-5.2978,-1.0000,-1.0000
7/23/2008,5,-2.5670,1.1051,0.7890,-1.8378,-1.0000,-1.0000
7/23/2008,6,35.5966,139.6728,13.6632,35.5966,43.5833,26.6667
7/23/2008,7,146.2579,386.4853,80.8133,121.7287,64.5500,37.4167
7/23/2008,8,429.6168,628.4492,542.7640,176.0891,29.9333,14.6167
7/23/2008,9,556.7855,847.5733,567.5351,185.5623,24.9333,14.4333
7/23/2008,10,851.8228,1028.7304,892.9423,148.8325,18.4333,13.2167
7/23/2008,11,542.9638,1159.5078,305.0948,275.3828,76.0000,57.1000
7/23/2008,12,427.0633,1230.9573,36.6305,386.2056,93.8929,73.0536
7/23/2008,13,65.7152,1238.1857,-5.0592,65.7152,96.1000,66.4000
7/23/2008,14,90.9523,1180.6831,-4.6864,90.9523,95.6833,59.6333
7/23/2008,15,268.4393,1062.3590,15.5478,260.1925,97.1833,76.7000
7/23/2008,16,270.8970,891.2791,6.3886,270.6165,98.5000,87.7167
7/23/2008,17,260.2958,679.1311,63.8467,230.5973,97.8167,86.0500
7/23/2008,18,39.8129,440.4941,-2.3310,39.8129,92.1333,64.1667
7/23/2008,19,27.7194,192.4360,7.8566,27.7194,57.0833,23.8500
7/23/2008,20,0.4976,10.9876,3.3097,0.6845,-0.9667,-0.9667
7/23/2008,21,-2.5696,0.0000,0.1407,-1.9232,-1.0000,-1.0000
7/23/2008,22,-1.6913,0.0000,0.6639,-1.2981,-1.0000,-1.0000
7/23/2008,23,-2.2555,0.0000,0.2683,-1.6717,-1.0000,-1.0000
7/24/2008,0,-2.9325,0.0000,0.0058,-2.2407,-1.0000,-1.0000
7/24/2008,1,-3.0596,0.0000,-0.2597,-2.1583,-1.0000,-1.0000
7/24/2008,2,-3.6578,0.0000,0.2312,-2.8746,-1.0000,-1.0000
7/24/2008,3,-3.1038,0.0000,0.0545,-2.1661,-1.0000,-1.0000
7/24/2008,4,-3.8168,0.0000,-0.2101,-2.5448,-1.0000,-1.0000
7/24/2008,5,-3.1616,0.8178,-0.2586,-2.1187,-1.0000,-1.0000
7/24/2008,6,52.5415,136.5745,267.7466,33.0441,0.4000,0.4000
7/24/2008,7,238.6878,383.6807,702.8480,67.4017,0.7000,0.7000
7/24/2008,8,443.2140,626.0042,824.3837,69.1713,0.4167,0.4000
7/24/2008,9,642.5263,845.4626,886.8248,77.8992,0.9167,0.6667
7/24/2008,10,806.5137,1026.9014,909.0032,87.4745,2.0667,1.0000
7/24/2008,11,942.1608,1157.8879,933.8805,102.8895,3.4500,1.8333
7/24/2008,12,1017.6055,1229.4588,785.1900,269.4828,35.8833,22.8667
7/24/2008,13,1040.5320,1236.7120,761.5991,311.1866,39.7833,26.6333
7/24/2008,14,956.7117,1179.1360,786.2045,238.4978,27.7500,16.2667
7/24/2008,15,232.9805,1060.6444,30.5481,204.9034,76.6667,59.7000
7/24/2008,16,430.0547,889.3147,283.4625,240.5979,50.2000,36.5667
7/24/2008,17,387.8683,676.8515,511.8070,129.0183,20.0667,10.8500
7/24/2008,18,90.7679,437.8579,2.4591,89.4940,68.1000,50.3333
7/24/2008,19,35.7933,189.4539,6.0040,35.7933,60.3000,48.0167
7/24/2008,20,0.8670,10.0514,4.0727,1.4690,-1.0000,-1.0000
7/24/2008,21,-3.9072,0.0000,-2.0167,-3.0390,-1.0000,-1.0000
7/24/2008,22,-3.6478,0.0000,-0.6154,-2.5631,-1.0000,-1.0000
7/24/2008,23,-3.9320,0.0000,-0.2444,-2.9265,-1.0000,-1.0000
7/25/2008,0,-3.9779,0.0000,0.1016,-2.8460,-1.0000,-1.0000
7/25/2008,1,-3.4512,0.0000,0.5509,-2.8753,-1.0000,-1.0000
7/25/2008,2,-4.2589,0.0000,0.1300,-3.4404,-1.0000,-1.0000
7/25/2008,3,-4.3161,0.0000,0.0809,-3.3829,-1.0000,-1.0000
7/25/2008,4,-3.4427,0.0000,0.0091,-2.6613,-1.0000,-1.0000
7/25/2008,5,-1.4106,0.5697,0.7127,-0.9874,-1.0000,-1.0000
7/25/2008,6,43.6118,133.4374,80.5633,41.8328,24.7333,7.4833
7/25/2008,7,206.3431,380.8394,424.7112,93.1609,24.3833,10.1000
7/25/2008,8,430.0410,623.5272,734.6687,97.7086,6.1333,3.4000
7/25/2008,9,612.3245,843.3211,781.6687,109.2000,4.6333,2.8833
7/25/2008,10,804.3102,1025.0399,893.7970,98.1456,1.1167,1.0000
7/25/2008,11,929.2710,1156.2304,921.3992,97.4364,0.6167,0.6167
7/25/2008,12,1020.1173,1227.9149,925.3380,130.8407,6.6833,3.9000
7/25/2008,13,736.8087,1235.1829,461.9366,282.8850,43.1833,29.2000
7/25/2008,14,469.6248,1177.5215,69.0857,397.0900,79.9333,56.3667
7/25/2008,15,214.1778,1058.8502,-3.3470,214.0948,81.1500,63.4833
7/25/2008,16,607.2025,887.2580,595.7223,211.9614,39.9667,25.1333
7/25/2008,17,204.5527,674.4683,18.1037,193.2197,95.6000,78.6167
7/25/2008,18,61.8402,435.1085,-0.5169,61.8402,96.1000,77.2500
7/25/2008,19,52.0985,186.3539,-1.2658,52.0985,68.5667,47.2167
7/25/2008,20,-1.8710,9.1255,-0.9518,-1.0626,-1.0000,-1.0000
7/25/2008,21,-3.9410,0.0000,-0.3202,-3.2984,-1.0000,-1.0000
7/25/2008,22,-3.2383,0.0000,-0.1218,-2.7104,-1.0000,-1.0000
7/25/2008,23,-3.2416,0.0000,-2.7633,-2.1194,-1.0000,-1.0000
7/26/2008,0,-2.5339,0.0000,-0.7066,-1.8468,-1.0000,-1.0000
7/26/2008,1,-1.9543,0.0000,-0.1140,-1.4452,-1.0000,-1.0000
7/26/2008,2,-1.6528,0.0000,0.4478,-1.2819,-1.0000,-1.0000
7/26/2008,3,-1.7876,0.0000,-0.0938,-1.3157,-1.0000,-1.0000
7/26/2008,4,-1.9012,0.0000,0.5553,-1.4868,-1.0000,-1.0000
7/26/2008,5,0.0369,0.3670,1.3003,0.0146,-1.0000,-1.0000
7/26/2008,6,16.9615,130.2632,0.7988,16.9615,58.5500,37.2333
7/26/2008,7,102.4601,377.9627,2.6009,102.4601,98.1500,87.2667
7/26/2008,8,259.9213,621.0189,51.5538,238.7880,92.5667,73.4167
7/26/2008,9,442.4922,841.1497,201.7956,296.2861,67.9500,40.8167
7/26/2008,10,536.0635,1023.1465,182.9412,394.4314,90.4000,53.4333
7/26/2008,11,529.2853,1154.5357,101.5328,445.3844,93.7500,59.4000
7/26/2008,12,902.6852,1226.3257,520.2905,385.3076,57.6000,20.4667
7/26/2008,13,833.8152,1233.5983,467.4821,361.5195,49.6833,23.4667
7/26/2008,14,428.8733,1175.8399,80.8082,342.3843,73.0667,51.6833
7/26/2008,15,340.3842,1056.9761,15.1715,337.8796,96.1167,85.3500
7/26/2008,16,321.1868,885.1093,72.6649,273.6302,77.6000,55.5000
7/26/2008,17,244.5148,671.9818,58.4374,218.4299,77.9667,56.4500
7/26/2008,18,163.9665,432.2463,131.4675,120.3530,59.5833,37.0833
7/26/2008,19,32.9501,183.1370,-1.6093,32.9501,61.5333,31.4833
7/26/2008,20,-2.6085,8.2153,-0.9505,-1.8668,-1.0000,-1.0000
7/26/2008,21,-3.9110,0.0000,-0.6514,-3.2545,-1.0000,-1.0000
7/26/2008,22,-5.1055,0.0000,-0.6805,-4.2089,-1.0000,-1.0000
7/26/2008,23,-3.2270,0.0000,-0.3626,-2.8107,-1.0000,-1.0000
7/27/2008,0,-2.8524,0.0000,0.0329,-2.3038,-1.0000,-1.0000
7/27/2008,1,-3.4302,0.0000,-0.3871,-2.5415,-1.0000,-1.0000
7/27/2008,2,-4.0250,0.0000,-0.4424,-3.2924,-1.0000,-1.0000
7/27/2008,3,-4.8153,0.0000,-1.4061,-3.4492,-1.0000,-1.0000
7/27/2008,4,-4.2430,0.0000,-0.5872,-3.0080,-1.0000,-1.0000
7/27/2008,5,-3.2834,0.2090,-0.4985,-2.4844,-1.0000,-1.0000
7/27/2008,6,57.9660,127.0537,321.2810,36.6262,0.3667,0.3667
7/27/2008,7,230.6563,375.0517,664.9950,65.2556,1.0000,1.0000
7/27/2008,8,430.9293,618.4804,808.8560,63.0056,0.1017,0.1017
7/27/2008,9,632.3722,838.9490,883.3102,65.5545,0.7167,0.7167
7/27/2008,10,806.3447,1021.2213,926.6590,70.2049,0.5167,0.5167
7/27/2008,11,939.4210,1152.8041,947.6947,80.7947,0.4500,0.2500
7/27/2008,12,1032.6838,1224.6915,944.3812,117.6452,4.2333,1.3500
7/27/2008,13,1014.1780,1231.9582,956.9477,86.5626,0.4167,0.1000
7/27/2008,14,953.1983,1174.0908,945.6898,86.4273,0.2000,0.1667
7/27/2008,15,839.5255,1055.0221,919.2040,92.0008,0.7833,0.3000
7/27/2008,16,462.4107,882.8683,395.6625,179.9847,33.2667,18.1333
7/27/2008,17,304.0878,669.3915,347.5739,137.0594,34.9333,23.6833
7/27/2008,18,82.5384,429.2713,114.8845,57.4022,81.1500,72.9667
7/27/2008,19,68.1992,179.8037,214.4669,39.9440,86.4500,79.4833
7/27/2008,20,-1.5862,7.3304,1.8483,-1.8652,-1.0000,-1.0000
7/27/2008,21,-3.5956,0.0000,-0.0723,-3.2057,-1.0000,-1.0000
7/27/2008,22,-4.7011,0.0000,-0.6612,-4.0725,-1.0000,-1.0000
7/27/2008,23,-2.6431,0.0000,0.2237,-2.4513,-1.0000,-1.0000
7/28/2008,0,-4.2426,0.0000,-0.4095,-3.5582,-1.0000,-1.0000
7/28/2008,1,-4.2950,0.0000,-0.9464,-3.3324,-1.0000,-1.0000
7/28/2008,2,-5.0681,0.0000,-1.5147,-3.7821,-1.0000,-1.0000
7/28/2008,3,-4.6652,0.0000,-0.7840,-3.5499,-1.0000,-1.0000
7/28/2008,4,-5.1364,0.0000,-0.4996,-3.9373,-1.0000,-1.0000
7/28/2008,5,-2.7620,0.0943,0.4291,-2.5144,-1.0000,-1.0000
7/28/2008,6,53.8004,123.8109,332.4268,34.9489,0.3333,0.3333
7/28/2008,7,224.2190,372.1076,656.2237,63.2598,1.0000,1.0000
7/28/2008,8,438.8578,615.9128,795.3413,78.8538,1.3333,0.6167
7/28/2008,9,603.8987,836.7200,795.8727,94.4101,4.3167,2.6167
7/28/2008,10,804.5088,1019.2653,908.4262,89.4648,1.3167,1.0500
7/28/2008,11,941.0342,1151.0359,883.8097,146.7944,13.2000,9.2333
7/28/2008,12,747.2287,1223.0121,353.1482,403.2544,60.1000,41.9167
7/28/2008,13,778.7588,1230.2626,385.4327,391.7030,58.1220,38.5854
7/28/2008,14,481.0032,1172.2742,107.4126,375.4098,-99999,-99999
7/28/2008,15,284.3462,1052.9881,20.1957,260.4179,93.0625,78.9583
7/28/2008,16,152.8501,880.5349,-1.2033,152.8501,99.1071,90.0893
7/28/2008,17,48.4199,666.6981,-3.3249,48.4199,99.1667,89.8000
7/28/2008,18,42.2489,426.1839,-2.5893,42.2489,98.4833,87.0333
7/28/2008,19,32.3056,176.3551,51.8433,32.2391,75.7500,51.1667
7/28/2008,20,1.2174,6.4715,0.1421,1.3293,-1.0000,-1.0000
7/28/2008,21,-1.2134,0.0000,0.3635,-1.0242,-1.0000,-1.0000
7/28/2008,22,-2.2993,0.0000,-0.1641,-1.7317,-1.0000,-1.0000
7/28/2008,23,-3.6891,0.0000,-0.9923,-2.7895,-1.0000,-1.0000
7/29/2008,0,-4.8059,0.0000,-1.0383,-3.8991,-1.0000,-1.0000
7/29/2008,1,-3.9345,0.0000,-0.7168,-3.3643,-1.0000,-1.0000
7/29/2008,2,-3.4584,0.0000,-0.8009,-2.8203,-1.0000,-1.0000
7/29/2008,3,-3.1183,0.0000,-0.5314,-2.6148,-1.0000,-1.0000
7/29/2008,4,-2.9389,0.0000,-0.3675,-2.5401,-1.0000,-1.0000
7/29/2008,5,-2.9954,0.0242,-0.9503,-2.3777,-1.0000,-1.0000
7/29/2008,6,49.0226,120.5370,204.3774,36.8401,1.4833,0.9500
7/29/2008,7,219.1498,369.1323,563.6280,81.3133,3.8167,2.8167
7/29/2008,8,420.0432,613.3172,723.2058,93.2112,3.8333,2.8333
7/29/2008,9,623.8712,834.4632,823.9047,102.0137,3.1667,2.4167
7/29/2008,10,804.4852,1017.2788,885.2157,111.2540,0.7667,0.7667
7/29/2008,11,933.7772,1149.2312,910.6402,120.9917,0.9333,0.8333
7/29/2008,12,1034.4512,1221.2878,921.0163,158.9726,12.8833,8.1333
7/29/2008,13,397.2595,1228.5113,112.4213,277.5450,78.3333,57.7667
7/29/2008,14,558.6362,1170.3899,318.8396,282.5545,75.2167,49.2333
7/29/2008,15,788.2847,1050.8737,684.2012,234.7675,29.3500,18.3667
7/29/2008,16,353.1923,878.1091,235.5141,184.4619,74.7500,59.7167
7/29/2008,17,450.9083,663.9011,493.8504,224.3089,62.8667,43.1000
7/29/2008,18,269.2390,422.9843,462.0734,155.7699,52.2333,25.3000
7/29/2008,19,46.9190,172.7918,102.9542,37.4846,17.7833,9.2000
7/29/2008,20,-3.9054,5.6431,-2.0328,-2.8437,-1.0000,-1.0000
7/29/2008,21,-5.7810,0.0000,-0.6719,-4.6752,-1.0000,-1.0000
7/29/2008,22,-5.9839,0.0000,-1.3724,-4.8211,-1.0000,-1.0000
7/29/2008,23,-6.0482,0.0000,-1.1130,-4.9507,-1.0000,-1.0000
7/30/2008,0,-5.4133,0.0000,-0.2388,-4.6863,-1.0000,-1.0000
7/30/2008,1,-3.9242,0.0000,-0.0645,-3.4618,-1.0000,-1.0000
7/30/2008,2,-4.0080,0.0000,-0.7337,-3.2561,-1.0000,-1.0000
7/30/2008,3,-3.9975,0.0000,-0.6543,-3.3768,-1.0000,-1.0000
7/30/2008,4,-3.7713,0.0000,-0.5054,-3.2447,-1.0000,-1.0000
7/30/2008,5,-3.3252,0.0000,-0.8173,-2.6860,-1.0000,-1.0000
7/30/2008,6,47.6947,117.2341,251.0051,34.5723,1.4333,1.0500
7/30/2008,7,223.5257,366.1268,631.4443,74.4218,3.0167,2.2000
7/30/2008,8,434.3550,610.6947,787.4362,85.5713,3.0333,2.0333
7/30/2008,9,635.1580,832.1798,874.8628,88.7256,1.0333,0.9333
7/30/2008,10,792.5545,1015.2623,855.8443,127.1524,6.3667,4.7000
7/30/2008,11,516.0470,1147.3901,259.3177,283.0149,59.0833,41.3333
7/30/2008,12,445.7063,1219.5184,122.5416,319.6857,71.9833,52.8667
7/30/2008,13,661.4837,1226.7039,403.1236,278.1740,59.8000,41.7500
7/30/2008,14,419.9283,1168.4375,67.0722,355.8425,76.0500,57.5667
7/30/2008,15,688.1937,1048.6787,437.1155,317.7129,59.3667,42.9667
7/30/2008,16,306.1535,875.5907,138.7861,213.9948,75.8167,59.4500
7/30/2008,17,199.4553,661.0005,100.0162,153.6497,64.0167,49.3667
7/30/2008,18,247.5409,419.6726,528.2927,114.3315,43.5167,25.5000
7/30/2008,19,80.5104,169.1146,368.8257,55.4814,22.1167,13.4500
7/30/2008,20,-7.0426,4.8506,-3.6770,-4.7893,-1.0000,-1.0000
7/30/2008,21,-7.1328,0.0000,-2.1878,-5.1896,-1.0000,-1.0000
7/30/2008,22,-5.6568,0.0000,-1.3983,-3.9724,-1.0000,-1.0000
7/30/2008,23,-5.3946,0.0000,-0.8803,-3.7707,-1.0000,-1.0000
7/31/2008,0,-5.4568,0.0000,-1.4374,-4.4140,-1.0000,-1.0000
7/31/2008,1,-5.3209,0.0000,-0.8369,-4.1879,-1.0000,-1.0000
7/31/2008,2,-5.0069,0.0000,-1.1466,-4.1428,-1.0000,-1.0000
7/31/2008,3,-4.8680,0.0000,-0.9505,-3.9712,-1.0000,-1.0000
7/31/2008,4,-6.0603,0.0000,-1.7758,-4.5565,-1.0000,-1.0000
7/31/2008,5,-4.4461,0.0000,-1.2375,-3.3405,-1.0000,-1.0000
7/31/2008,6,50.1623,113.9268,302.3077,32.6712,0.2667,0.2667
7/31/2008,7,225.6648,363.0926,684.5913,62.6570,1.0000,1.0000
7/31/2008,8,431.4310,608.0462,828.4693,63.6220,0.7000,0.7000
7/31/2008,9,636.9053,829.8699,894.1953,70.8870,0.9667,0.9667
7/31/2008,10,810.4413,1013.2160,931.1097,78.8799,0.8333,0.8333
7/31/2008,11,929.4233,1145.5129,936.3328,89.3731,0.1667,0.1667
7/31/2008,12,997.5365,1217.7036,936.3823,101.0378,0.0000,0.0000
7/31/2008,13,1003.7260,1224.8400,919.7865,119.5398,1.5000,0.7333
7/31/2008,14,935.7478,1166.4164,875.1545,139.7620,3.5667,1.8833
7/31/2008,15,821.9052,1046.4025,877.6818,117.6767,1.9500,0.9333
7/31/2008,16,537.0875,872.9788,512.9927,187.2023,34.2500,23.6833
7/31/2008,17,211.2965,657.9961,126.2942,144.0407,54.3833,37.7167
7/31/2008,18,143.7577,416.2488,105.8750,117.8943,71.4167,50.4667
7/31/2008,19,20.1834,165.3246,-1.8770,20.1834,45.4333,29.3167
7/31/2008,20,-6.2435,4.0991,-1.5181,-4.9605,-1.0000,-1.0000
7/31/2008,21,-2.7878,0.0000,0.1859,-2.3939,-1.0000,-1.0000
7/31/2008,22,-6.0977,0.0000,-1.1379,-4.7964,-1.0000,-1.0000
7/31/2008,23,-7.1350,0.0000,-1.8994,-5.6171,-1.0000,-1.0000
8/1/2008,0,-5.8401,0.0000,-1.0679,-4.7499,-1.0000,-1.0000
8/1/2008,1,-5.1294,0.0000,-0.8778,-4.3525,-1.0000,-1.0000
8/1/2008,2,-4.4704,0.0000,-0.5429,-3.7012,-1.0000,-1.0000
8/1/2008,3,-4.5165,0.0000,-0.7473,-3.4739,-1.0000,-1.0000
8/1/2008,4,-5.0741,0.0000,-1.1675,-3.7504,-1.0000,-1.0000
8/1/2008,5,-4.0532,0.0000,-0.6626,-2.7388,-1.0000,-1.0000
8/1/2008,6,48.4944,110.6425,291.4702,32.9435,0.2333,0.2333
8/1/2008,7,219.8717,360.0310,682.4287,59.8232,1.0000,1.0000
8/1/2008,8,435.4703,605.3726,848.6078,60.0604,0.9167,0.9167
8/1/2008,9,636.1927,827.5343,918.2113,64.4014,0.9167,0.9167
8/1/2008,10,819.5898,1011.1400,944.1593,86.1834,4.4500,2.8333
8/1/2008,11,748.1963,1143.5991,687.7231,141.6740,20.5167,13.5833
8/1/2008,12,605.6835,1215.8426,382.7863,238.1851,45.7667,31.4333
8/1/2008,13,747.9960,1222.9190,497.5981,261.7460,52.9500,36.9500
8/1/2008,14,445.4255,1164.3257,168.9929,280.4259,59.4833,44.5833
8/1/2008,15,518.6800,1044.0442,317.8927,257.7387,56.8167,43.4333
8/1/2008,16,436.6932,870.2732,252.1056,265.4414,66.8000,50.0167
8/1/2008,17,240.4217,654.8877,108.9040,190.1202,73.1500,53.5167
8/1/2008,18,113.8394,412.7131,9.0724,111.1828,75.1500,55.0833
8/1/2008,19,36.5581,161.4228,97.4739,35.5133,64.2167,41.2167
8/1/2008,20,-2.6023,3.3937,-1.7540,-1.4291,-1.0000,-1.0000
8/1/2008,21,-7.4269,0.0000,-1.7910,-5.4480,-1.0000,-1.0000
8/1/2008,22,-5.6494,0.0000,-1.0903,-4.5558,-1.0000,-1.0000
8/1/2008,23,-4.8030,0.0000,-1.0067,-3.7351,-1.0000,-1.0000
8/2/2008,0,-4.3024,0.0000,-0.7277,-3.5122,-1.0000,-1.0000
8/2/2008,1,-4.7146,0.0000,-0.8994,-3.7547,-1.0000,-1.0000
8/2/2008,2,-5.4433,0.0000,-1.1350,-3.9965,-1.0000,-1.0000
8/2/2008,3,-5.0377,0.0000,-0.6819,-3.8449,-1.0000,-1.0000
8/2/2008,4,-4.0936,0.0000,0.2470,-3.4043,-1.0000,-1.0000
8/2/2008,5,-5.0303,0.0000,-0.9040,-3.7327,-1.0000,-1.0000
8/2/2008,6,65.2854,107.3839,284.6224,52.4285,18.1500,9.2667
8/2/2008,7,293.9307,356.9429,603.3260,160.3009,56.2000,24.4333
8/2/2008,8,397.0283,602.6746,371.9249,240.3584,73.5667,54.2167
8/2/2008,9,624.1692,825.1732,610.7857,237.2187,47.4000,32.2333
8/2/2008,10,759.7720,1009.0340,787.0105,147.3072,14.8333,10.0833
8/2/2008,11,380.4275,1141.6479,92.7778,284.8454,77.3000,57.8167
8/2/2008,12,217.2298,1213.9349,7.5003,212.2019,93.7167,70.3667
8/2/2008,13,397.3110,1220.9396,7.4677,396.0861,90.7667,68.7000
8/2/2008,14,192.2962,1162.1645,-1.1417,192.2962,94.0833,69.0167
8/2/2008,15,259.7885,1041.6030,6.6678,257.5303,96.6833,81.8667
8/2/2008,16,338.6780,867.4730,163.2891,231.1481,68.6167,53.8500
8/2/2008,17,177.1785,651.6748,38.7610,160.1680,93.2833,74.7667
8/2/2008,18,88.8488,409.0654,0.5320,88.8488,87.6667,65.2000
8/2/2008,19,4.6646,157.4101,-2.5942,4.6630,48.2500,24.5333
8/2/2008,20,-2.8844,2.7395,-0.7328,-2.2236,-1.0000,-1.0000
8/2/2008,21,-3.2464,0.0000,-0.1814,-2.5640,-1.0000,-1.0000
8/2/2008,22,-4.5994,0.0000,-1.5056,-3.2958,-1.0000,-1.0000
8/2/2008,23,-4.0956,0.0000,-0.6846,-3.2219,-1.0000,-1.0000
8/3/2008,0,-2.6354,0.0000,0.0769,-2.1820,-1.0000,-1.0000
8/3/2008,1,-3.6334,0.0000,-0.4453,-2.9251,-1.0000,-1.0000
8/3/2008,2,-3.7005,0.0000,-0.5396,-2.9691,-1.0000,-1.0000
8/3/2008,3,-4.8342,0.0000,-0.8782,-3.8353,-1.0000,-1.0000
8/3/2008,4,-4.1903,0.0000,-0.7357,-3.4422,-1.0000,-1.0000
8/3/2008,5,-3.1037,0.0000,-0.4969,-2.4646,-1.0000,-1.0000
8/3/2008,6,50.9170,104.1536,242.2434,39.4779,8.5333,4.4333
8/3/2008,7,222.3678,353.8297,611.2602,83.4276,10.7333,5.5000
8/3/2008,8,419.5853,599.9527,778.5420,79.3795,2.5833,1.4167
8/3/2008,9,614.9447,822.7865,854.5005,85.6756,2.5000,1.2167
8/3/2008,10,511.2962,1006.8978,273.3748,301.0013,56.3667,44.3000
8/3/2008,11,527.4378,1139.6589,216.0412,329.4682,73.9000,58.4333
8/3/2008,12,931.6445,1211.9794,555.6872,398.8695,66.4167,45.9833
8/3/2008,13,503.1942,1218.9013,153.3795,347.1349,80.7000,57.9167
8/3/2008,14,274.3662,1159.9318,23.4861,243.7007,92.7167,70.8667
8/3/2008,15,97.1804,1039.0780,0.0463,97.1804,99.2000,84.5667
8/3/2008,16,209.8734,864.5775,3.6668,209.7978,96.0000,83.7667
8/3/2008,17,215.4068,648.3568,31.5358,204.3221,87.3667,72.2167
8/3/2008,18,59.3283,405.3057,14.1707,54.5795,47.2833,28.7333
8/3/2008,19,94.9689,153.2880,269.0162,76.3475,55.3833,43.6000
8/3/2008,20,-4.4559,2.1454,-1.8956,-3.0494,-1.0000,-1.0000
8/3/2008,21,-4.4943,0.0000,-1.1672,-3.5631,-1.0000,-1.0000
8/3/2008,22,-3.4994,0.0000,-0.6685,-2.5813,-1.0000,-1.0000
8/3/2008,23,-3.3682,0.0000,-0.2566,-2.4921,-1.0000,-1.0000
8/4/2008,0,-3.8493,0.0000,-0.1416,-3.0850,-1.0000,-1.0000
8/4/2008,1,-4.4157,0.0000,-0.2388,-3.7371,-1.0000,-1.0000
8/4/2008,2,-4.4750,0.0000,-0.3228,-3.6907,-1.0000,-1.0000
8/4/2008,3,-3.3555,0.0000,0.4049,-2.8533,-1.0000,-1.0000
8/4/2008,4,-3.9251,0.0000,-0.6732,-3.1016,-1.0000,-1.0000
8/4/2008,5,-2.1775,0.0000,1.0347,-2.2392,-1.0000,-1.0000
8/4/2008,6,50.0320,100.9540,256.8361,36.4148,5.1667,1.8000
8/4/2008,7,221.2480,350.6920,618.0297,80.4070,6.8667,2.0333
8/4/2008,8,453.3223,597.2075,737.1023,137.0149,20.7500,8.5833
8/4/2008,9,665.2482,820.3741,756.3340,194.1317,33.3833,17.9000
8/4/2008,10,716.7713,1004.7307,393.4258,406.9359,79.4167,60.6500
8/4/2008,11,670.8820,1137.6312,273.2010,405.6895,67.1833,44.3167
8/4/2008,12,223.6395,1209.9751,38.2971,178.3771,86.7667,60.0167
8/4/2008,13,441.2352,1216.8022,131.9486,306.8506,69.9167,50.8167
8/4/2008,14,288.4953,1157.6263,23.6561,262.0851,97.1333,82.4500
8/4/2008,15,540.5210,1036.4681,299.5439,303.9701,74.6500,59.0333
8/4/2008,16,128.7808,861.5862,-2.9421,128.7808,97.5667,87.9000
8/4/2008,17,98.8935,644.9337,-1.3545,98.4973,97.8167,84.3000
8/4/2008,18,82.0190,401.4341,-1.6129,82.0190,94.9167,77.8500
8/4/2008,19,37.3594,149.0578,65.7802,35.6216,37.4833,21.8667
8/4/2008,20,-1.3756,1.6148,-0.2406,-0.8240,-1.0000,-1.0000
8/4/2008,21,-3.5828,0.0000,-0.6063,-2.7920,-1.0000,-1.0000
8/4/2008,22,-4.5054,0.0000,-1.2011,-3.4059,-1.0000,-1.0000
8/4/2008,23,-4.3736,0.0000,-0.6848,-3.4543,-1.0000,-1.0000
8/5/2008,0,-1.8941,0.0000,0.2933,-1.6386,-1.0000,-1.0000
8/5/2008,1,-3.1216,0.0000,-0.5091,-2.4307,-1.0000,-1.0000
8/5/2008,2,-3.9807,0.0000,-1.0354,-2.9133,-1.0000,-1.0000
8/5/2008,3,-3.9874,0.0000,-0.8285,-2.7802,-1.0000,-1.0000
8/5/2008,4,-4.3432,0.0000,-0.6419,-3.3059,-1.0000,-1.0000
8/5/2008,5,-3.9098,0.0000,-0.7918,-2.9547,-1.0000,-1.0000
8/5/2008,6,45.3801,97.7882,233.4871,33.2323,2.6500,0.9000
8/5/2008,7,208.4097,347.5306,596.6817,71.5255,2.9500,2.2000
8/5/2008,8,413.0622,594.4388,743.2812,85.7413,2.6333,1.6667
8/5/2008,9,616.1118,817.9360,788.4193,123.2916,4.3500,3.0167
8/5/2008,10,764.4340,1002.5320,736.5225,187.6999,13.1333,7.9167
8/5/2008,11,701.6032,1135.5636,304.6826,379.2542,45.3833,29.3167
8/5/2008,12,937.7912,1207.9205,770.6620,186.7785,9.6167,4.7167
8/5/2008,13,495.7643,1214.6412,232.5580,244.7295,37.2833,24.5167
8/5/2008,14,315.9370,1155.2467,15.3258,305.0055,79.3833,57.0167
8/5/2008,15,797.0088,1033.7721,642.2588,278.8713,38.5333,23.8000
8/5/2008,16,358.3348,858.4981,227.1438,198.8100,43.7833,32.8833
8/5/2008,17,230.3719,641.4049,124.1871,162.3153,89.1000,72.1667
8/5/2008,18,29.0375,397.4511,-0.3126,29.0375,97.0167,77.5333
8/5/2008,19,6.2442,144.7214,-0.3046,6.2442,47.4667,27.8833
8/5/2008,20,-2.0802,1.1510,-0.5331,-1.5835,-1.0000,-1.0000
8/5/2008,21,-2.9792,0.0000,0.1336,-2.3264,-1.0000,-1.0000
8/5/2008,22,-2.0007,0.0000,0.3822,-1.6618,-1.0000,-1.0000
8/5/2008,23,-2.4671,0.0000,-0.2981,-1.8882,-1.0000,-1.0000
8/6/2008,0,-2.3951,0.0000,-0.0620,-1.7980,-1.0000,-1.0000
8/6/2008,1,-3.2117,0.0000,0.4913,-2.6155,-1.0000,-1.0000
8/6/2008,2,-3.9455,0.0000,0.0354,-3.0192,-1.0000,-1.0000
8/6/2008,3,-4.5061,0.0000,-0.1908,-3.4528,-1.0000,-1.0000
8/6/2008,4,-3.8251,0.0000,-0.1285,-2.8843,-1.0000,-1.0000
8/6/2008,5,-2.2563,0.0000,0.6959,-1.8768,-1.0000,-1.0000
8/6/2008,6,55.5392,94.6606,254.5161,43.6833,6.9833,2.8667
8/6/2008,7,194.1672,344.3464,541.6827,68.7220,6.1333,5.0167
8/6/2008,8,402.7357,591.6469,764.0380,70.7843,0.6667,0.4500
8/6/2008,9,605.8710,815.4714,837.5370,83.5582,0.6667,0.6667
8/6/2008,10,783.2597,1000.3009,876.5353,98.4827,0.9667,0.5000
8/6/2008,11,904.8725,1133.4551,899.0623,103.7612,0.0000,0.0000
8/6/2008,12,975.4790,1205.8143,892.2297,124.2064,0.7833,0.2333
8/6/2008,13,901.5048,1212.4170,620.8378,271.4981,17.7667,7.5500
8/6/2008,14,792.7632,1152.7916,346.2841,450.0516,58.0500,34.4167
8/6/2008,15,524.2150,1030.9890,119.7295,411.3945,82.9333,62.3833
8/6/2008,16,291.7680,855.3125,12.1452,283.8721,82.1000,65.1500
8/6/2008,17,68.6762,637.7705,2.8116,63.0803,95.4000,79.8833
8/6/2008,18,51.5405,393.3569,0.7917,51.5405,95.7500,83.4000
8/6/2008,19,2.8341,140.2808,-0.7141,2.8061,52.6500,32.5000
8/6/2008,20,-1.5228,0.7582,0.3569,-1.3894,-1.0000,-1.0000
8/6/2008,21,-0.4940,0.0000,0.1761,-0.4325,-1.0000,-1.0000
8/6/2008,22,-0.6629,0.0000,0.4791,-0.6518,-1.0000,-1.0000
8/6/2008,23,-2.3159,0.0000,0.6623,-1.3010,-1.0000,-1.0000
8/7/2008,0,-2.3626,0.0000,0.7626,-1.3121,-1.0000,-1.0000
8/7/2008,1,-1.3102,0.0000,0.7223,-1.0876,-1.0000,-1.0000
8/7/2008,2,-1.4184,0.0000,-0.2641,-1.0578,-1.0000,-1.0000
8/7/2008,3,-2.0287,0.0000,-0.1474,-1.5960,-1.0000,-1.0000
8/7/2008,4,-1.9393,0.0000,0.2539,-1.5957,-1.0000,-1.0000
8/7/2008,5,-1.6540,0.0000,0.3226,-1.5260,-1.0000,-1.0000
8/7/2008,6,17.4229,91.5694,29.7216,16.6465,26.7500,8.9500
8/7/2008,7,81.7213,341.1396,4.9011,81.5810,94.9500,73.4000
8/7/2008,8,200.5193,588.8318,9.9256,197.6421,86.8833,69.2500
8/7/2008,9,363.7593,812.9799,16.1261,360.7559,96.8500,71.6333
8/7/2008,10,656.3968,998.0365,328.5015,353.2482,50.3667,27.5333
8/7/2008,11,982.5925,1131.3042,921.3647,169.1645,11.8000,4.8333
8/7/2008,12,1021.9608,1203.6553,696.5680,337.0175,37.5000,21.3000
8/7/2008,13,757.6882,1210.1282,371.7884,372.6754,57.0833,37.5167
8/7/2008,14,573.3892,1150.2600,293.2074,285.8133,53.2500,35.7500
8/7/2008,15,238.4712,1028.1182,0.7180,237.2545,89.0000,70.3000
8/7/2008,16,88.7180,852.0290,0.5685,88.7180,88.9500,63.8333
8/7/2008,17,45.6518,634.0302,0.9236,45.6518,94.0667,57.9667
8/7/2008,18,49.6668,389.1520,0.8226,49.6668,95.5833,57.5667
8/7/2008,19,6.5590,135.7381,0.0313,6.5590,39.0000,23.1833
8/7/2008,20,-2.7816,0.4407,-0.5258,-2.1613,-1.0000,-1.0000
8/7/2008,21,-3.7190,0.0000,-0.3473,-2.8519,-1.0000,-1.0000
8/7/2008,22,-4.5060,0.0000,-0.3504,-3.6057,-1.0000,-1.0000
8/7/2008,23,-4.3756,0.0000,-0.0645,-3.5539,-1.0000,-1.0000
8/8/2008,0,-1.8211,0.0000,1.6536,-1.6111,-1.0000,-1.0000
8/8/2008,1,-2.2352,0.0000,0.9108,-1.9910,-1.0000,-1.0000
8/8/2008,2,-1.9321,0.0000,0.8904,-1.6877,-1.0000,-1.0000
8/8/2008,3,-2.8833,0.0000,0.2919,-2.2906,-1.0000,-1.0000
8/8/2008,4,-3.2456,0.0000,0.4224,-2.6162,-1.0000,-1.0000
8/8/2008,5,-2.3252,0.0000,0.8668,-1.7735,-1.0000,-1.0000
8/8/2008,6,38.7700,88.5166,63.0413,36.9381,12.8333,7.4833
8/8/2008,7,192.5108,337.9107,365.5566,108.9632,29.2333,12.1500
8/8/2008,8,266.4778,585.9934,141.8026,211.3266,76.6000,44.5333
8/8/2008,9,522.4713,810.4609,326.2883,326.3718,74.5167,39.3333
8/8/2008,10,627.6800,995.7377,494.7267,227.0081,29.2833,13.6333
8/8/2008,11,844.4570,1129.1098,739.7672,172.6426,6.2000,3.0833
8/8/2008,12,401.3665,1201.4419,94.8932,304.6825,63.7000,37.7833
8/8/2008,13,669.5503,1207.7732,381.1838,302.7020,59.1833,33.9500
8/8/2008,14,858.2498,1147.6504,651.9081,268.9246,34.2833,19.4333
8/8/2008,15,668.1118,1025.1583,526.7888,235.6743,43.4500,29.7167
8/8/2008,16,400.2185,848.6470,249.6065,245.0891,59.2333,38.5333
8/8/2008,17,334.8322,630.1841,415.1733,129.9378,25.0500,15.5167
8/8/2008,18,48.2665,384.8370,0.2386,48.2665,76.6833,62.4667
8/8/2008,19,27.8879,131.0960,-8.1260,27.8555,71.5833,67.0333
8/8/2008,20,0.9613,0.2024,3.2973,0.5625,-1.0000,-1.0000
8/8/2008,21,-1.5079,0.0000,2.6996,-1.1344,-1.0000,-1.0000
8/8/2008,22,-0.6890,0.0000,3.4272,0.0912,-1.0000,-1.0000
8/8/2008,23,-1.3880,0.0000,2.5424,-1.2095,-1.0000,-1.0000
8/9/2008,0,-1.4585,0.0000,1.5533,-1.1734,-1.0000,-1.0000
8/9/2008,1,-1.5785,0.0000,0.9924,-1.4572,-1.0000,-1.0000
8/9/2008,2,-2.1613,0.0000,0.2843,-2.2497,-1.0000,-1.0000
8/9/2008,3,-2.8973,0.0000,0.3702,-2.6040,-1.0000,-1.0000
8/9/2008,4,-3.6734,0.0000,0.2924,-2.9801,-1.0000,-1.0000
8/9/2008,5,-2.1255,0.0000,0.8960,-2.0359,-1.0000,-1.0000
8/9/2008,6,47.8053,85.5034,195.1790,38.8710,21.4667,12.0500
8/9/2008,7,273.4833,334.6604,612.8225,147.2638,60.8833,33.3167
8/9/2008,8,434.0407,583.1315,743.7425,116.8219,27.2167,15.8833
8/9/2008,9,601.1037,807.9139,855.1463,77.4748,1.5667,1.1000
8/9/2008,10,810.3818,993.4035,838.7480,162.2990,21.7667,15.4500
8/9/2008,11,952.7908,1126.8707,827.8912,217.0799,22.5667,12.9500
8/9/2008,12,882.1665,1199.1729,594.8747,291.3983,29.7167,18.3333
8/9/2008,13,908.4900,1205.3510,465.5275,453.6614,49.9000,27.2500
8/9/2008,14,791.8912,1144.9620,479.0122,347.2357,42.1667,23.6667
8/9/2008,15,235.6953,1022.1085,11.4326,223.4156,79.7167,59.1833
8/9/2008,16,186.9632,845.1661,-2.7835,186.9632,96.7167,80.8000
8/9/2008,17,105.0304,626.2322,0.1252,103.8352,96.9000,80.2833
8/9/2008,18,63.3713,380.4126,-0.3151,63.3713,96.6833,84.8000
8/9/2008,19,44.0888,126.3572,-0.8081,44.0888,60.3500,46.9500
8/9/2008,20,-1.8594,0.0537,-0.2654,-1.3724,-1.0000,-1.0000
8/9/2008,21,-2.6378,0.0000,-0.0603,-2.1249,-1.0000,-1.0000
8/9/2008,22,-2.3717,0.0000,0.1779,-1.9444,-1.0000,-1.0000
8/9/2008,23,-2.1104,0.0000,0.3584,-1.6404,-1.0000,-1.0000
8/10/2008,0,-2.4981,0.0000,0.0164,-1.9156,-1.0000,-1.0000
8/10/2008,1,-1.9826,0.0000,0.5527,-1.6281,-1.0000,-1.0000
8/10/2008,2,-2.3344,0.0000,0.2506,-1.9062,-1.0000,-1.0000
8/10/2008,3,-3.0538,0.0000,-0.0084,-2.2905,-1.0000,-1.0000
8/10/2008,4,-3.4748,0.0000,-0.2574,-2.4410,-1.0000,-1.0000
8/10/2008,5,-3.2824,0.0000,-0.2570,-2.3334,-1.0000,-1.0000
8/10/2008,6,31.4777,82.5315,152.8281,24.8067,1.6833,1.0833
8/10/2008,7,194.9610,331.3887,507.1132,90.1247,14.2333,6.5833
8/10/2008,8,176.1097,580.2459,19.3228,171.0517,90.6167,74.9833
8/10/2008,9,208.4157,805.3382,0.7161,208.4157,98.4667,81.1000
8/10/2008,10,470.0107,991.0331,44.6889,435.5567,97.1333,73.6333
8/10/2008,11,585.7465,1124.5857,58.7876,530.0767,85.8333,55.0500
8/10/2008,12,666.1110,1196.8470,202.9253,454.6870,61.5000,33.4167
8/10/2008,13,493.5175,1202.8602,58.1127,425.8651,84.4167,54.4833
8/10/2008,14,93.3454,1142.1935,-3.5886,93.1240,94.1667,57.4667
8/10/2008,15,179.9419,1018.9686,0.4522,179.4321,96.9500,68.0833
8/10/2008,16,383.6267,841.5861,162.8076,280.8820,69.7833,47.5500
8/10/2008,17,248.6427,622.1751,165.3152,162.0669,88.0000,64.6667
8/10/2008,18,69.1529,375.8796,-1.8877,69.1210,91.9833,76.5833
8/10/2008,19,29.8341,121.5246,6.4513,29.6764,21.8000,14.8167
8/10/2008,20,-0.7310,0.0000,1.6600,-0.6982,-1.0000,-1.0000
8/10/2008,21,-1.9771,0.0000,1.6182,-1.8127,-1.0000,-1.0000
8/10/2008,22,-0.2499,0.0000,2.2889,-0.4590,-1.0000,-1.0000
8/10/2008,23,0.9251,0.0000,1.6632,-0.8696,-1.0000,-1.0000
8/11/2008,0,-0.0484,0.0000,2.8074,-2.2657,-1.0000,-1.0000
8/11/2008,1,-0.5313,0.0000,1.6985,-1.1102,-1.0000,-1.0000
8/11/2008,2,-1.6395,0.0000,0.4233,-1.8876,-1.0000,-1.0000
8/11/2008,3,-2.8502,0.0000,0.3315,-2.4255,-1.0000,-1.0000
8/11/2008,4,-3.0647,0.0000,-0.0414,-2.5305,-1.0000,-1.0000
8/11/2008,5,-2.8069,0.0000,0.1558,-2.3598,-1.0000,-1.0000
8/11/2008,6,35.8510,79.6020,268.4926,23.3513,-0.4833,-0.4833
8/11/2008,7,206.6382,328.0962,707.9293,54.2272,0.0000,0.0000
8/11/2008,8,412.3847,577.3365,833.5388,62.2535,0.5500,0.5333
8/11/2008,9,599.4078,802.7330,863.9728,80.0894,1.1000,1.0833
8/11/2008,10,778.0122,988.6253,924.2812,79.3487,0.4833,0.4833
8/11/2008,11,921.3717,1122.2534,941.9453,103.6891,5.8833,3.3667
8/11/2008,12,837.3192,1194.4625,719.6702,159.3343,12.4833,7.2500
8/11/2008,13,989.0230,1200.2996,894.0277,158.5233,14.8167,7.5833
8/11/2008,14,834.8290,1139.3440,757.4911,162.8603,22.2667,14.1667
8/11/2008,15,259.3783,1015.7374,55.0145,208.1506,68.7333,51.6500
8/11/2008,16,220.4453,837.9067,15.4943,210.5314,81.1167,61.6833
8/11/2008,17,146.7187,618.0128,40.7215,129.8663,88.2833,75.5167
8/11/2008,18,70.1715,371.2389,28.0777,66.3316,76.2500,55.8333
8/11/2008,19,63.0946,116.6388,160.8053,52.9722,39.0667,22.3667
8/11/2008,20,-3.7985,0.0000,-1.6727,-2.7527,-1.0000,-1.0000
8/11/2008,21,-3.8844,0.0000,-0.8517,-3.0731,-1.0000,-1.0000
8/11/2008,22,-5.2332,0.0000,-1.3455,-4.0862,-1.0000,-1.0000
8/11/2008,23,-5.9700,0.0000,-1.9418,-4.5450,-1.0000,-1.0000
8/12/2008,0,-4.5738,0.0000,-1.1247,-3.3738,-1.0000,-1.0000
8/12/2008,1,-5.6384,0.0000,-1.5843,-4.3472,-1.0000,-1.0000
8/12/2008,2,-4.2387,0.0000,-0.7526,-3.3479,-1.0000,-1.0000
8/12/2008,3,-3.6639,0.0000,0.0678,-3.0796,-1.0000,-1.0000
8/12/2008,4,-6.5819,0.0000,-2.7286,-5.0758,-1.0000,-1.0000
8/12/2008,5,-5.2536,0.0000,-1.3573,-4.1151,-1.0000,-1.0000
8/12/2008,6,31.2686,76.7160,240.6986,21.2156,-0.1000,-0.1000
8/12/2008,7,196.0388,324.7827,675.1678,54.6257,0.9500,0.9500
8/12/2008,8,401.5080,574.4027,834.3155,54.8569,0.0167,0.0167
8/12/2008,9,603.6098,800.0976,910.8262,57.7878,0.3667,0.3667
8/12/2008,10,783.8717,986.1792,952.6268,64.8103,0.0500,0.0500
8/12/2008,11,908.1180,1119.8728,968.4693,69.1050,0.0000,0.0000
8/12/2008,12,971.1647,1192.0186,965.2295,75.4307,0.1667,0.1667
8/12/2008,13,869.6420,1197.6680,797.5934,121.2985,9.3000,5.6833
8/12/2008,14,588.3708,1136.4125,420.9955,222.3482,48.0333,33.6833
8/12/2008,15,192.1620,1012.4146,22.8554,170.4554,84.7333,68.6167
8/12/2008,16,287.5807,834.1280,158.1410,192.3602,76.0500,60.5833
8/12/2008,17,378.8646,613.7458,521.5360,147.4654,39.6667,26.8167
8/12/2008,18,70.9291,366.4916,63.1943,52.2764,36.7333,20.6833
8/12/2008,19,19.6892,111.7600,25.2606,19.2349,58.6833,49.1000
8/12/2008,20,-1.6427,0.0000,5.7969,-1.8051,-1.0000,-1.0000
8/12/2008,21,-4.3293,0.0000,-0.1936,-3.1207,-1.0000,-1.0000
8/12/2008,22,-3.8037,0.0000,-0.4271,-2.9650,-1.0000,-1.0000
8/12/2008,23,-4.9288,0.0000,-1.2165,-3.5500,-1.0000,-1.0000
8/13/2008,0,-3.9174,0.0000,-0.7199,-3.0604,-1.0000,-1.0000
8/13/2008,1,-4.0662,0.0000,-1.0049,-3.1966,-1.0000,-1.0000
8/13/2008,2,-4.3570,0.0000,-1.0101,-3.4815,-1.0000,-1.0000
8/13/2008,3,-3.6268,0.0000,-0.4444,-2.9983,-1.0000,-1.0000
8/13/2008,4,-4.0383,0.0000,-0.9458,-3.2637,-1.0000,-1.0000
8/13/2008,5,-3.6951,0.0000,-0.6158,-2.9807,-1.0000,-1.0000
8/13/2008,6,33.5587,73.8746,267.9336,23.4487,-0.1333,-0.1333
8/13/2008,7,210.2202,321.4485,697.2832,66.1050,2.6667,0.9000
8/13/2008,8,417.4867,571.4444,523.4562,205.5816,53.9667,17.0167
8/13/2008,9,392.0247,797.4314,107.9167,332.6322,85.8500,68.4500
8/13/2008,10,392.7053,983.6934,62.4288,339.5392,76.3833,67.6000
8/13/2008,11,855.3230,1117.4423,807.6875,147.8664,19.0500,12.0333
8/13/2008,12,1052.4827,1189.5142,991.5430,144.9929,18.3167,8.1333
8/13/2008,13,992.2507,1194.9643,889.8629,171.6444,22.5167,11.6167
8/13/2008,14,1026.1497,1133.3984,995.4415,168.6822,23.1833,12.2833
8/13/2008,15,927.9810,1008.9998,963.6040,201.9289,36.1833,21.3333
8/13/2008,16,656.1568,830.2499,879.3033,113.2413,13.8833,8.1833
8/13/2008,17,454.0282,609.3747,825.7562,95.6192,11.9333,6.9500
8/13/2008,18,217.4953,361.6390,699.5813,54.8982,1.8667,1.5167
8/13/2008,19,33.5132,106.9080,211.7822,20.6215,1.4167,0.9833
8/13/2008,20,-5.1191,0.0000,-3.0607,-3.7853,-1.0000,-1.0000
8/13/2008,21,-7.4631,0.0000,-1.8045,-5.8708,-1.0000,-1.0000
8/13/2008,22,-5.4397,0.0000,-1.2073,-4.2572,-1.0000,-1.0000
8/13/2008,23,-4.3582,0.0000,-0.4604,-3.3577,-1.0000,-1.0000
8/14/2008,0,-2.6073,0.0000,0.6526,-2.0438,-1.0000,-1.0000
8/14/2008,1,-4.6064,0.0000,-0.7190,-3.5891,-1.0000,-1.0000
8/14/2008,2,-4.3731,0.0000,-0.8404,-3.2226,-1.0000,-1.0000
8/14/2008,3,-4.2249,0.0000,-1.4192,-3.2101,-1.0000,-1.0000
8/14/2008,4,-3.7431,0.0000,-0.1692,-2.7841,-1.0000,-1.0000
8/14/2008,5,-3.1311,0.0000,0.2068,-2.5181,-1.0000,-1.0000
8/14/2008,6,10.9493,71.0788,0.8113,11.0579,11.2500,5.4500
8/14/2008,7,162.1599,318.0940,385.8421,72.3954,20.5500,6.8667
8/14/2008,8,413.4373,568.4611,778.7848,89.1519,7.7000,4.0000
8/14/2008,9,599.3642,794.7336,863.9798,85.0485,2.7500,1.9000
8/14/2008,10,776.7728,981.1673,882.0580,110.6291,5.0167,3.6500
8/14/2008,11,732.7448,1114.9612,605.0550,196.7776,19.9333,9.6333
8/14/2008,12,855.1927,1186.9476,599.2211,294.3129,32.2667,11.3333
8/14/2008,13,375.1213,1192.1875,138.1609,238.9733,78.4000,41.5167
8/14/2008,14,545.4239,1130.3007,339.7542,243.9868,60.3333,37.8500
8/14/2008,15,337.0738,1005.4925,61.5291,285.4480,92.8667,70.1333
8/14/2008,16,531.9540,826.2726,450.3873,259.1577,60.5167,40.8667
8/14/2008,17,209.3073,604.9001,188.7828,133.6404,71.9667,41.6667
8/14/2008,18,67.2329,356.6819,16.7090,60.1899,77.4000,58.9000
8/14/2008,19,9.3542,102.0823,-0.7975,9.3641,34.9667,25.5833
8/14/2008,20,-4.3315,0.0000,0.5451,-3.1072,-1.0000,-1.0000
8/14/2008,21,-3.9406,0.0000,-0.4222,-2.9013,-1.0000,-1.0000
8/14/2008,22,-0.4865,0.0000,1.6237,-0.4277,-1.0000,-1.0000
8/14/2008,23,-0.8854,0.0000,1.3386,-0.8393,-1.0000,-1.0000
8/15/2008,0,-1.5970,0.0000,0.4724,-1.3775,-1.0000,-1.0000
8/15/2008,1,-2.2352,0.0000,0.2503,-2.0593,-1.0000,-1.0000
8/15/2008,2,-2.2369,0.0000,0.2055,-2.0391,-1.0000,-1.0000
8/15/2008,3,-0.1467,0.0000,-1.1152,-0.0028,-1.0000,-1.0000
8/15/2008,4,-0.0273,0.0000,0.2224,0.0530,-1.0000,-1.0000
8/15/2008,5,-0.0650,0.0000,-0.5254,-0.0691,-1.0000,-1.0000
8/15/2008,6,3.2176,68.3293,-0.3015,3.2154,7.5000,2.4500
8/15/2008,7,21.8961,314.7188,0.0051,21.8945,90.5833,54.2000
8/15/2008,8,82.4045,565.4523,0.6267,82.3729,96.0667,71.5833
8/15/2008,9,96.7426,792.0032,0.9105,96.7231,98.3833,77.2500
8/15/2008,10,102.7827,978.5996,1.1459,102.7247,98.3000,64.7667
8/15/2008,11,86.7167,1112.4281,0.3171,86.6111,92.8667,42.3833
8/15/2008,12,68.9569,1184.3180,-0.3844,68.9465,79.8667,27.2833
8/15/2008,13,109.4319,1189.3367,1.0483,109.4268,82.6667,32.1333
8/15/2008,14,181.0794,1127.1189,3.3772,181.0539,97.2000,60.0333
8/15/2008,15,57.8011,1001.8924,-0.3978,57.7264,97.1333,55.1000
8/15/2008,16,34.0944,822.1959,-0.1518,34.0863,97.0333,59.3000
8/15/2008,17,33.8385,600.3228,0.0374,33.8385,95.9500,62.0333
8/15/2008,18,14.4108,351.6220,0.2172,14.4108,88.2167,46.5000
8/15/2008,19,13.3413,97.2841,0.5845,13.3286,24.7333,8.3667
8/15/2008,20,-0.6365,0.0000,0.9939,-0.4201,-1.0000,-1.0000
8/15/2008,21,-0.6307,0.0000,1.0408,-0.4315,-1.0000,-1.0000
8/15/2008,22,-0.8060,0.0000,1.4525,-0.6117,-1.0000,-1.0000
8/15/2008,23,-0.6896,0.0000,1.1348,-0.5137,-1.0000,-1.0000
8/16/2008,0,-0.4577,0.0000,1.6853,-0.3923,-1.0000,-1.0000
8/16/2008,1,-0.3996,0.0000,0.6879,-0.3424,-1.0000,-1.0000
8/16/2008,2,-0.4018,0.0000,0.2726,-0.2291,-1.0000,-1.0000
8/16/2008,3,-0.1252,0.0000,0.6281,-0.0592,-1.0000,-1.0000
8/16/2008,4,-0.1741,0.0000,0.6466,-0.1048,-1.0000,-1.0000
8/16/2008,5,-0.1024,0.0000,0.8617,-0.0467,-1.0000,-1.0000
8/16/2008,6,1.5296,65.6267,0.8060,1.5300,5.1167,2.4667
8/16/2008,7,14.1224,311.3231,0.5869,14.1224,87.4500,58.6833
8/16/2008,8,50.6796,562.4178,1.1444,50.6796,95.5333,65.5500
8/16/2008,9,20.5954,789.2395,0.3002,20.5954,86.9333,44.0667
8/16/2008,10,8.7841,975.9894,0.5251,8.7841,68.9167,24.8500
8/16/2008,11,18.1138,1109.8419,0.4565,18.1093,81.2000,31.1333
8/16/2008,12,115.6379,1181.6244,5.0257,114.9138,92.6333,44.0167
8/16/2008,13,498.8458,1186.4109,53.9140,443.5560,85.4000,44.0667
8/16/2008,14,366.6772,1123.8523,16.8618,352.7127,92.2167,61.7333
8/16/2008,15,45.6161,998.1996,-2.5124,45.6133,96.9667,57.1667
8/16/2008,16,93.3276,818.0207,2.4728,93.2098,99.1833,77.5000
8/16/2008,17,67.4827,595.6434,1.1286,67.4468,96.9500,67.2833
8/16/2008,18,15.8996,346.4604,-0.2775,15.8519,83.1000,44.8667
8/16/2008,19,5.2098,92.5345,-0.0202,5.2047,15.0833,6.3000
8/16/2008,20,-0.0341,0.0000,1.1752,-0.0192,-1.0000,-1.0000
8/16/2008,21,0.2697,0.0000,2.0959,-0.2246,-1.0000,-1.0000
8/16/2008,22,0.2898,0.0000,1.7720,-0.4780,-1.0000,-1.0000
8/16/2008,23,0.6329,0.0000,1.6971,-0.1461,-1.0000,-1.0000
8/17/2008,0,-0.1733,0.0000,0.1263,-0.5009,-1.0000,-1.0000
8/17/2008,1,-0.4175,0.0000,0.1965,-0.3228,-1.0000,-1.0000
8/17/2008,2,-0.5145,0.0000,0.2148,-0.3283,-1.0000,-1.0000
8/17/2008,3,-0.9898,0.0000,-0.0365,-0.6652,-1.0000,-1.0000
8/17/2008,4,-0.9733,0.0000,0.1776,-0.7889,-1.0000,-1.0000
8/17/2008,5,-1.1007,0.0000,0.8493,-0.7793,-1.0000,-1.0000
8/17/2008,6,6.6568,62.9720,0.4277,6.8407,6.1500,2.1833
8/17/2008,7,32.4574,307.9067,2.0369,32.4550,33.8833,13.8667
8/17/2008,8,96.6028,559.3568,4.1570,96.5933,71.1167,36.6500
8/17/2008,9,385.7888,786.4416,45.3922,363.4600,97.0333,73.9167
8/17/2008,10,708.0412,973.3356,549.2448,275.2420,42.2167,31.6333
8/17/2008,11,550.7677,1107.2017,190.1592,383.2691,79.0333,55.8000
8/17/2008,12,601.5140,1178.8655,187.1460,426.5455,77.6500,47.9000
8/17/2008,13,743.1835,1183.4095,546.6737,231.6397,22.3833,12.1833
8/17/2008,14,679.2783,1120.5006,464.0207,269.2576,36.7000,20.4167
8/17/2008,15,496.6008,994.4137,209.6288,304.3609,63.4667,41.6333
8/17/2008,16,414.8400,813.7471,336.2805,201.2848,42.1333,28.0500
8/17/2008,17,381.1207,590.8632,557.0299,144.4754,19.4667,10.0333
8/17/2008,18,164.5598,341.1989,286.7068,95.1873,36.9333,17.8833
8/17/2008,19,18.5902,87.8330,4.9622,18.0341,19.0333,8.6167
8/17/2008,20,-2.2270,0.0000,-0.3882,-2.4576,-1.0000,-1.0000
8/17/2008,21,-1.1123,0.0000,0.8397,-1.5168,-1.0000,-1.0000
8/17/2008,22,-1.0831,0.0000,0.6794,-1.5602,-1.0000,-1.0000
8/17/2008,23,-2.0370,0.0000,0.0694,-2.1469,-1.0000,-1.0000
8/18/2008,0,-3.1372,0.0000,-0.3204,-2.7251,-1.0000,-1.0000
8/18/2008,1,-2.8849,0.0000,-0.2352,-2.3333,-1.0000,-1.0000
8/18/2008,2,-1.8965,0.0000,0.3059,-1.7314,-1.0000,-1.0000
8/18/2008,3,-3.1678,0.0000,-0.4983,-2.4205,-1.0000,-1.0000
8/18/2008,4,-3.0555,0.0000,-0.1892,-2.4143,-1.0000,-1.0000
8/18/2008,5,-3.2292,0.0000,-0.4398,-2.5206,-1.0000,-1.0000
8/18/2008,6,22.8778,60.3655,139.6645,18.9183,0.2000,0.1000
8/18/2008,7,171.9560,304.4695,549.6012,64.6916,4.1167,3.1167
8/18/2008,8,376.0020,556.2689,750.5723,74.7172,3.9500,2.9500
8/18/2008,9,576.0212,783.6090,848.2415,79.3172,1.2500,0.9333
8/18/2008,10,754.3387,970.6373,902.1505,86.2119,0.0167,0.0167
8/18/2008,11,883.5140,1104.5064,929.0980,93.5542,0.0167,0.0167
8/18/2008,12,944.1787,1176.0408,917.7658,105.9338,0.2333,0.1833
8/18/2008,13,963.6353,1180.3317,941.1523,105.6444,0.0167,0.0167
8/18/2008,14,903.6148,1117.0634,932.2307,106.1186,0.0333,0.0000
8/18/2008,15,773.6827,990.5353,895.3850,103.9296,0.7167,0.6167
8/18/2008,16,595.7310,809.3760,847.6072,91.4013,0.6500,0.2167
8/18/2008,17,384.6172,585.9834,748.7647,74.6635,2.9667,1.9833
8/18/2008,18,177.7218,335.8390,567.8308,59.7956,3.4667,2.4667
8/18/2008,19,23.6835,83.1796,156.7763,17.9800,1.3333,0.9833
8/18/2008,20,-5.8643,0.0000,-1.3665,-4.4617,-1.0000,-1.0000
8/18/2008,21,-5.3888,0.0000,-1.3756,-4.1216,-1.0000,-1.0000
8/18/2008,22,-3.9226,0.0000,-0.6039,-2.8956,-1.0000,-1.0000
8/18/2008,23,-3.3599,0.0000,-0.3290,-2.6804,-1.0000,-1.0000
8/19/2008,0,-3.4384,0.0000,-0.5987,-2.7276,-1.0000,-1.0000
8/19/2008,1,-3.6458,0.0000,-0.6301,-2.9069,-1.0000,-1.0000
8/19/2008,2,-3.3400,0.0000,-0.4206,-2.7029,-1.0000,-1.0000
8/19/2008,3,-3.7713,0.0000,-0.6984,-3.0442,-1.0000,-1.0000
8/19/2008,4,-3.7581,0.0000,-0.6341,-3.0263,-1.0000,-1.0000
8/19/2008,5,-3.5475,0.0000,-0.3867,-2.8102,-1.0000,-1.0000
8/19/2008,6,27.6581,57.8078,180.5225,22.4345,1.4500,1.1000
8/19/2008,7,177.3899,301.0115,575.6925,67.1855,6.6833,5.3167
8/19/2008,8,384.1178,553.1534,765.6298,79.1630,5.3833,3.6500
8/19/2008,9,588.1720,780.7407,854.9630,91.5983,1.6333,1.0667
8/19/2008,10,771.8088,967.8937,914.4028,99.2906,0.2500,0.2500
8/19/2008,11,895.6428,1101.7549,930.4427,109.4249,0.0000,0.0000
8/19/2008,12,966.2472,1173.1495,951.4245,106.8574,0.0167,0.0167
8/19/2008,13,966.7540,1177.1774,959.5982,98.8225,0.0000,0.0000
8/19/2008,14,895.4548,1113.5409,942.1970,93.4667,0.0000,0.0000
8/19/2008,15,772.1695,986.5644,932.6848,80.5098,0.1833,0.0000
8/19/2008,16,599.7802,804.9081,895.6780,71.3767,2.0000,1.4000
8/19/2008,17,388.8843,581.0050,798.2293,61.8185,2.0000,2.0000
8/19/2008,18,166.8898,330.3827,573.0008,48.3174,2.0167,2.0000
8/19/2008,19,17.7148,78.6037,143.0139,13.1587,0.5500,0.5500
8/19/2008,20,-7.8467,0.0000,-2.4719,-5.9141,-1.0000,-1.0000
8/19/2008,21,-5.0825,0.0000,-0.6890,-4.1079,-1.0000,-1.0000
8/19/2008,22,-4.3592,0.0000,-0.6490,-3.5889,-1.0000,-1.0000
8/19/2008,23,-5.5144,0.0000,-1.3283,-4.5779,-1.0000,-1.0000
8/20/2008,0,-4.9730,0.0000,-0.3664,-3.9535,-1.0000,-1.0000
8/20/2008,1,-3.9660,0.0000,-0.4220,-3.1912,-1.0000,-1.0000
8/20/2008,2,-3.8581,0.0000,-0.5527,-2.7361,-1.0000,-1.0000
8/20/2008,3,-4.3917,0.0000,-1.0897,-3.3889,-1.0000,-1.0000
8/20/2008,4,-5.5834,0.0000,-1.5625,-4.1725,-1.0000,-1.0000
8/20/2008,5,-4.7593,0.0000,0.2683,-3.9526,-1.0000,-1.0000
8/20/2008,6,20.1756,55.2992,154.6083,15.5064,-0.3000,-0.3000
8/20/2008,7,173.5786,297.5322,616.8682,55.3673,1.0000,1.0000
8/20/2008,8,382.1375,550.0102,797.3220,64.9733,1.0000,1.0000
8/20/2008,9,581.8377,777.8361,873.4108,75.6347,0.8750,0.7143
8/20/2008,10,794.9267,965.1041,895.1207,138.1320,14.7667,9.0333
8/20/2008,11,742.5608,1098.9473,603.5321,234.9224,35.8833,23.0000
8/20/2008,12,891.3228,1170.1913,781.8440,191.5899,23.3167,11.8000
8/20/2008,13,717.5470,1173.9463,619.3228,143.9519,19.1000,12.4000
8/20/2008,14,225.6866,1109.9329,68.6619,153.7994,73.8167,61.7333
8/20/2008,15,130.3119,982.5019,-0.6537,129.6734,98.0667,87.1667
8/20/2008,16,84.3054,800.3444,-0.7599,84.3054,95.6667,80.2833
8/20/2008,17,141.8662,575.9296,30.6136,131.0857,89.1167,63.7833
8/20/2008,18,72.0878,324.8318,0.7888,71.9537,88.2500,68.8167
8/20/2008,19,13.1023,74.0882,84.3173,10.5791,8.5000,2.7167
8/20/2008,20,-5.3403,0.0000,-1.1984,-4.2534,-1.0000,-1.0000
8/20/2008,21,-4.6416,0.0000,-0.4545,-3.7965,-1.0000,-1.0000
8/20/2008,22,-4.1395,0.0000,-1.0888,-3.1694,-1.0000,-1.0000
8/20/2008,23,-3.6015,0.0000,-0.4820,-2.8404,-1.0000,-1.0000
8/21/2008,0,-3.4325,0.0000,-0.4789,-2.7402,-1.0000,-1.0000
8/21/2008,1,-3.0732,0.0000,0.0723,-2.5667,-1.0000,-1.0000
8/21/2008,2,-3.6169,0.0000,-0.9892,-2.8364,-1.0000,-1.0000
8/21/2008,3,-3.6099,0.0000,-0.8542,-2.6811,-1.0000,-1.0000
8/21/2008,4,-4.3167,0.0000,-0.7773,-3.2402,-1.0000,-1.0000
8/21/2008,5,-4.2081,0.0000,-0.3648,-3.3094,-1.0000,-1.0000
8/21/2008,6,21.1262,52.8442,175.3284,15.5123,-0.3667,-0.3667
8/21/2008,7,175.8708,294.0317,656.9282,49.7828,1.0000,1.0000
8/21/2008,8,382.9170,546.8386,835.0302,52.9289,1.0000,1.0000
8/21/2008,9,585.5983,774.8947,908.4943,59.3957,0.8500,0.8500
8/21/2008,10,764.3452,962.2680,953.3988,64.2987,0.2333,0.2333
8/21/2008,11,892.7752,1096.0825,975.6203,67.1509,0.0000,0.0000
8/21/2008,12,955.5945,1167.1655,981.6097,69.8707,0.0500,0.0500
8/21/2008,13,954.3945,1170.6381,975.0215,74.9387,0.0000,0.0000
8/21/2008,14,883.3427,1106.2401,943.6712,82.1035,1.9833,0.9833
8/21/2008,15,765.2355,978.3483,934.8757,72.9992,0.7167,0.4667
8/21/2008,16,593.8278,795.6860,887.4492,69.2092,2.2500,1.7833
8/21/2008,17,389.1040,570.7588,809.6508,58.4215,1.2000,1.2000
8/21/2008,18,172.5467,319.1883,630.3147,45.6771,1.0000,1.0000
8/21/2008,19,17.7867,69.6565,186.2943,11.1138,-0.0333,-0.0333
8/21/2008,20,-7.7546,0.0000,-2.1278,-5.7428,-1.0000,-1.0000
8/21/2008,21,-4.9649,0.0000,-0.5363,-3.7588,-1.0000,-1.0000
8/21/2008,22,-4.8785,0.0000,-0.7826,-3.5763,-1.0000,-1.0000
8/21/2008,23,-5.2797,0.0000,-0.7302,-3.7627,-1.0000,-1.0000
8/22/2008,0,-5.8384,0.0000,-0.9723,-4.3366,-1.0000,-1.0000
8/22/2008,1,-5.2731,0.0000,-1.3852,-4.1181,-1.0000,-1.0000
8/22/2008,2,-4.0857,0.0000,0.2190,-2.9153,-1.0000,-1.0000
8/22/2008,3,-6.1249,0.0000,0.2328,-4.7670,-1.0000,-1.0000
8/22/2008,4,-6.5190,0.0000,-0.7982,-5.2437,-1.0000,-1.0000
8/22/2008,5,-5.1431,0.0000,-1.0973,-4.2824,-1.0000,-1.0000
8/22/2008,6,20.4572,50.4395,190.2771,15.0125,-0.4000,-0.4000
8/22/2008,7,178.1459,290.5100,663.9520,52.3136,1.0000,1.0000
8/22/2008,8,379.9710,543.6385,831.1363,53.6210,1.0000,1.0000
8/22/2008,9,576.1563,771.9162,891.5645,61.3550,0.8167,0.8167
8/22/2008,10,749.3580,959.3848,905.4718,80.8225,0.9833,0.9833
8/22/2008,11,864.6987,1093.1605,894.9973,106.7724,0.0500,0.0500
8/22/2008,12,923.6422,1164.0726,891.9612,120.0389,0.1167,0.1167
8/22/2008,13,925.6518,1167.2534,877.5148,137.5747,4.1833,2.2000
8/22/2008,14,645.7438,1102.4627,492.7222,207.3322,20.7667,13.9167
8/22/2008,15,319.6028,974.1047,48.4455,282.5836,69.2667,51.3500
8/22/2008,16,155.8879,790.9345,5.3063,153.2907,82.4167,63.5000
8/22/2008,17,52.9039,565.4943,0.0489,52.9039,93.8833,75.2833
8/22/2008,18,40.3345,313.4544,9.5072,39.6366,81.0000,60.5000
8/22/2008,19,28.8568,65.3071,11.6749,27.8259,40.3500,37.7167
8/22/2008,20,-2.9610,0.0000,-0.3618,-2.4054,-1.0000,-1.0000
8/22/2008,21,-4.5466,0.0000,-0.0996,-3.5260,-1.0000,-1.0000
8/22/2008,22,-5.3731,0.0000,-0.0514,-4.8551,-1.0000,-1.0000
8/22/2008,23,-3.4623,0.0000,0.6724,-2.8501,-1.0000,-1.0000
8/23/2008,0,-3.6531,0.0000,0.0238,-3.0726,-1.0000,-1.0000
8/23/2008,1,-4.5008,0.0000,0.0801,-3.5758,-1.0000,-1.0000
8/23/2008,2,-3.8844,0.0000,0.3784,-3.2187,-1.0000,-1.0000
8/23/2008,3,-4.0148,0.0000,0.0302,-3.3764,-1.0000,-1.0000
8/23/2008,4,-3.2807,0.0000,0.1430,-2.7086,-1.0000,-1.0000
8/23/2008,5,-3.4275,0.0000,0.3093,-2.7800,-1.0000,-1.0000
8/23/2008,6,16.2692,48.0854,100.7104,13.4417,-0.4333,-0.4333
8/23/2008,7,158.3101,286.9671,525.4700,57.0267,1.0000,1.0000
8/23/2008,8,360.5867,540.4098,740.4115,68.4831,1.3833,1.0000
8/23/2008,9,515.9785,768.9003,745.5892,88.6355,4.4500,2.8500
8/23/2008,10,736.0922,956.4546,856.9957,99.5104,3.0833,1.9833
8/23/2008,11,863.5188,1090.1813,905.8767,95.4733,1.3000,0.8667
8/23/2008,12,688.3173,1160.9125,571.4585,167.9728,25.7333,15.0333
8/23/2008,13,306.9993,1163.7927,103.9914,206.4277,73.8167,51.7667
8/23/2008,14,59.6405,1098.6021,-1.1684,59.6405,96.3000,66.3833
8/23/2008,15,24.8715,969.7723,-2.0608,24.8677,99.1667,76.7833
8/23/2008,16,41.5688,786.0911,-0.5794,40.4177,96.7667,72.4000
8/23/2008,17,180.7307,560.1379,22.5131,172.0724,94.6833,75.6333
8/23/2008,18,100.9436,307.6323,216.4211,71.5438,55.5167,32.6167
8/23/2008,19,16.1610,61.0490,-2.5509,16.4902,23.0500,15.9000
8/23/2008,20,-2.6110,0.0000,0.3715,-2.0727,-1.0000,-1.0000
8/23/2008,21,-2.0214,0.0000,0.4843,-1.6715,-1.0000,-1.0000
8/23/2008,22,-3.5152,0.0000,-1.2000,-2.7237,-1.0000,-1.0000
8/23/2008,23,-3.7722,0.0000,0.2364,-3.0961,-1.0000,-1.0000
8/24/2008,0,-3.8238,0.0000,0.0142,-3.0688,-1.0000,-1.0000
8/24/2008,1,-3.2986,0.0000,-0.3180,-2.5187,-1.0000,-1.0000
8/24/2008,2,-2.7315,0.0000,0.4778,-1.8696,-1.0000,-1.0000
8/24/2008,3,-4.1393,0.0000,-0.5261,-3.1620,-1.0000,-1.0000
8/24/2008,4,-5.5041,0.0000,-1.7634,-4.1979,-1.0000,-1.0000
8/24/2008,5,-6.0223,0.0000,-1.5008,-4.3981,-1.0000,-1.0000
8/24/2008,6,16.4477,45.7826,146.6343,12.6567,-0.4667,-0.4667
8/24/2008,7,162.6032,283.4031,593.6397,51.5077,1.0000,1.0000
8/24/2008,8,352.9587,537.1523,780.4110,63.1861,1.5167,1.0167
8/24/2008,9,438.5963,765.8472,503.8319,144.9697,17.4833,13.0000
8/24/2008,10,745.1673,953.4774,904.1765,84.2079,2.1667,1.6000
8/24/2008,11,867.5660,1087.1449,923.7738,94.3332,2.8833,1.6500
8/24/2008,12,901.5423,1157.6854,595.9587,349.2547,52.1000,30.7167
8/24/2008,13,609.8345,1160.2562,263.1492,362.7840,63.8333,41.4500
8/24/2008,14,670.7263,1094.6587,515.6241,224.7615,30.2167,18.0833
8/24/2008,15,527.9055,965.3520,401.7697,216.8083,31.9167,19.4500
8/24/2008,16,523.8517,781.1576,545.9317,219.1175,43.5500,21.8333
8/24/2008,17,218.1229,554.6915,225.4093,125.5788,31.9833,19.3333
8/24/2008,18,51.1311,301.7244,15.1120,50.2761,70.5000,54.1333
8/24/2008,19,22.7619,56.8921,137.2844,18.3701,36.7333,27.0500
8/24/2008,20,-3.7711,0.0000,-1.1093,-2.7645,-1.0000,-1.0000
8/24/2008,21,-5.8799,0.0000,-1.7123,-4.4748,-1.0000,-1.0000
8/24/2008,22,-3.4361,0.0000,0.4133,-2.8796,-1.0000,-1.0000
8/24/2008,23,-3.8547,0.0000,0.0423,-3.3425,-1.0000,-1.0000
8/25/2008,0,-2.8592,0.0000,0.5218,-2.4693,-1.0000,-1.0000
8/25/2008,1,-4.0248,0.0000,-0.5798,-3.1471,-1.0000,-1.0000
8/25/2008,2,-4.3448,0.0000,-1.0517,-3.3571,-1.0000,-1.0000
8/25/2008,3,-4.1956,0.0000,-0.6579,-3.0237,-1.0000,-1.0000
8/25/2008,4,-5.3270,0.0000,-2.5107,-3.9109,-1.0000,-1.0000
8/25/2008,5,-4.5009,0.0000,-0.7562,-3.3709,-1.0000,-1.0000
8/25/2008,6,16.8723,43.5315,141.9729,13.2176,-0.4333,-0.5000
8/25/2008,7,161.7229,279.8184,593.8595,51.7675,1.0333,1.0000
8/25/2008,8,348.0160,533.8665,779.2728,59.4891,1.0000,1.0000
8/25/2008,9,557.9023,762.7566,868.9295,65.1949,0.7833,0.7667
8/25/2008,10,734.0018,950.4531,918.6802,73.5299,0.2167,0.2167
8/25/2008,11,874.5377,1084.0516,943.0170,94.6788,5.7333,3.5667
8/25/2008,12,482.4370,1154.3920,272.4661,240.7347,56.3000,41.2667
8/25/2008,13,646.5293,1156.6449,387.2142,284.1474,47.9000,38.4333
8/25/2008,14,718.4972,1090.6336,586.8745,228.8161,33.7667,24.4167
8/25/2008,15,456.2220,960.8455,268.0923,251.9410,76.8500,63.7333
8/25/2008,16,156.9923,776.1355,4.3879,153.4617,97.1000,87.7500
8/25/2008,17,114.7203,549.1571,-0.8229,114.0194,88.7500,68.1875
8/25/2008,18,50.6019,295.7327,-0.8840,50.6019,-1.0000,-1.0000
8/25/2008,19,2.1521,52.8361,29.2141,2.4503,-1.0000,-1.0000
8/25/2008,20,-4.9230,0.0000,-1.3458,-3.8733,-1.0000,-1.0000
8/25/2008,21,-5.6580,0.0000,-0.9412,-4.3538,-1.0000,-1.0000
8/25/2008,22,-2.7399,0.0000,0.5060,-2.1929,-1.0000,-1.0000
8/25/2008,23,-4.5551,0.0000,0.2110,-3.7427,-1.0000,-1.0000
8/26/2008,0,-3.6882,0.0000,0.6693,-3.1748,-1.0000,-1.0000
8/26/2008,1,-4.1750,0.0000,-0.0096,-3.5118,-1.0000,-1.0000
8/26/2008,2,-5.2375,0.0000,-0.7960,-3.9563,-1.0000,-1.0000
8/26/2008,3,-3.9050,0.0000,-0.6283,-3.1155,-1.0000,-1.0000
8/26/2008,4,-3.5352,0.0000,0.6932,-2.6964,-1.0000,-1.0000
8/26/2008,5,-4.4274,0.0000,-0.6875,-3.2712,-1.0000,-1.0000
8/26/2008,6,13.6761,41.3328,115.1491,11.1922,-0.3000,-0.3000
8/26/2008,7,153.6920,276.2133,564.7213,51.9046,1.0667,1.0500
8/26/2008,8,356.9020,530.5523,768.2762,63.1636,1.0000,1.0000
8/26/2008,9,555.8508,759.6290,855.4615,71.0851,1.0000,0.9667
8/26/2008,10,736.9930,947.3822,919.4607,75.3662,0.4000,0.4000
8/26/2008,11,867.2010,1080.9017,951.5603,78.3202,0.1167,0.1167
8/26/2008,12,874.4223,1151.0324,844.1582,132.8957,14.2667,9.6333
8/26/2008,13,474.3493,1152.9593,231.8948,266.5715,57.0667,41.9500
8/26/2008,14,511.2673,1086.5276,355.2795,226.5980,56.3000,41.4333
8/26/2008,15,792.1263,956.2538,853.8473,186.2376,27.0000,16.1500
8/26/2008,16,322.2110,771.0263,186.5557,222.7203,78.9833,63.1000
8/26/2008,17,329.9767,543.5366,409.2570,169.5998,58.9833,40.6667
8/26/2008,18,83.8252,289.6598,58.5926,72.0415,50.7833,27.5000
8/26/2008,19,2.5046,48.8963,4.2502,2.7974,4.1000,2.6500
8/26/2008,20,-3.7149,0.0000,-0.2904,-2.8845,-1.0000,-1.0000
8/26/2008,21,-3.0327,0.0000,0.1599,-2.3750,-1.0000,-1.0000
8/26/2008,22,-4.3115,0.0000,-0.8969,-3.3232,-1.0000,-1.0000
8/26/2008,23,-4.0672,0.0000,-0.5409,-2.9980,-1.0000,-1.0000
8/27/2008,0,-4.6758,0.0000,-2.1300,-3.3193,-1.0000,-1.0000
8/27/2008,1,-3.8102,0.0000,-0.9567,-2.7561,-1.0000,-1.0000
8/27/2008,2,-3.4156,0.0000,-0.6083,-2.5756,-1.0000,-1.0000
8/27/2008,3,-3.9020,0.0000,-0.3915,-2.9315,-1.0000,-1.0000
8/27/2008,4,-4.8357,0.0000,-0.4029,-3.8191,-1.0000,-1.0000
8/27/2008,5,-4.3011,0.0000,-0.2999,-3.3125,-1.0000,-1.0000
8/27/2008,6,7.0782,39.1872,10.4877,7.4462,1.2667,0.1333
8/27/2008,7,135.1457,272.5885,290.2866,74.9379,21.8500,7.1500
8/27/2008,8,342.7480,527.2099,642.7170,89.1176,9.2333,6.6333
8/27/2008,9,567.9448,756.4644,865.8887,77.6325,0.7333,0.7333
8/27/2008,10,740.0678,944.2646,912.6230,85.3641,0.0333,0.0333
8/27/2008,11,867.8785,1077.6955,962.1363,78.1607,0.0000,0.0000
8/27/2008,12,938.8958,1147.6074,966.2507,86.9775,0.0000,0.0000
8/27/2008,13,933.7095,1149.2001,948.3598,93.7442,0.7500,0.1000
8/27/2008,14,883.9628,1082.3419,913.1188,126.6153,5.7500,1.8000
8/27/2008,15,746.3177,951.5781,837.0023,147.9676,18.4333,8.6833
8/27/2008,16,408.3347,765.8317,317.2023,232.9399,62.3667,38.7000
8/27/2008,17,254.8382,537.8317,212.5144,164.6533,71.0500,40.3333
8/27/2008,18,88.4325,283.5075,82.8870,80.1371,74.9833,46.3667
8/27/2008,19,8.3684,45.0692,7.4534,8.9169,7.9667,3.4167
8/27/2008,20,-5.2452,0.0000,-0.2383,-4.2387,-1.0000,-1.0000
8/27/2008,21,-5.3174,0.0000,-0.5300,-4.4832,-1.0000,-1.0000
8/27/2008,22,-5.1943,0.0000,-0.2801,-4.2393,-1.0000,-1.0000
8/27/2008,23,-4.0671,0.0000,-0.1060,-3.5433,-1.0000,-1.0000
8/28/2008,0,-3.8247,0.0000,-0.5825,-3.1784,-1.0000,-1.0000
8/28/2008,1,-3.9918,0.0000,-0.3738,-3.0218,-1.0000,-1.0000
8/28/2008,2,-4.2441,0.0000,-0.5688,-3.1011,-1.0000,-1.0000
8/28/2008,3,-5.8294,0.0000,-3.6115,-4.1702,-1.0000,-1.0000
8/28/2008,4,-5.7314,0.0000,-0.8980,-4.3347,-1.0000,-1.0000
8/28/2008,5,-4.8410,0.0000,-0.8595,-3.9485,-1.0000,-1.0000
8/28/2008,6,12.3386,37.0951,110.9580,9.9652,-0.5667,-0.5667
8/28/2008,7,153.0729,268.9440,568.5260,51.2613,1.0000,1.0000
8/28/2008,8,353.1820,523.8398,768.6672,61.9203,0.9667,0.9667
8/28/2008,9,552.1668,753.2629,865.4838,69.5904,0.0508,0.0508
8/28/2008,10,729.2135,941.1004,899.1030,90.5924,0.0500,0.0500
8/28/2008,11,843.5385,1074.4331,875.9477,129.0359,0.0000,0.0000
8/28/2008,12,896.6850,1144.1171,850.1317,154.3472,0.0000,0.0000
8/28/2008,13,894.7943,1145.3679,839.8505,163.6117,0.1167,0.1167
8/28/2008,14,815.3412,1078.0769,795.6302,168.2545,0.0000,0.0000
8/28/2008,15,691.7112,946.8197,778.8947,144.2752,0.0833,0.0833
8/28/2008,16,522.1067,760.5529,741.7153,113.5876,0.0000,0.0000
8/28/2008,17,319.9883,532.0442,621.9248,90.1616,0.0000,0.0000
8/28/2008,18,124.7712,277.2786,396.3242,59.5381,2.5667,1.2833
8/28/2008,19,7.4917,41.3692,43.6481,7.3662,3.1667,1.6500
8/28/2008,20,-5.6505,0.0000,-0.6390,-4.6058,-1.0000,-1.0000
8/28/2008,21,-5.1029,0.0000,-0.8805,-4.0132,-1.0000,-1.0000
8/28/2008,22,-4.2446,0.0000,-0.8109,-3.1057,-1.0000,-1.0000
8/28/2008,23,-3.8385,0.0000,-0.5192,-2.7221,-1.0000,-1.0000
8/29/2008,0,-4.1667,0.0000,-0.4244,-3.2270,-1.0000,-1.0000
8/29/2008,1,-4.4942,0.0000,-0.6910,-3.8055,-1.0000,-1.0000
8/29/2008,2,-3.2323,0.0000,-0.1901,-2.6872,-1.0000,-1.0000
8/29/2008,3,-3.5401,0.0000,-0.0912,-2.8257,-1.0000,-1.0000
8/29/2008,4,-4.0559,0.0000,-0.4076,-3.4013,-1.0000,-1.0000
8/29/2008,5,-3.4469,0.0000,-0.1545,-2.7702,-1.0000,-1.0000
8/29/2008,6,8.3355,35.0572,44.2770,7.9237,-0.4833,-0.4833
8/29/2008,7,140.7052,265.2806,475.9660,56.0401,1.0167,1.0000
8/29/2008,8,342.1090,520.4422,723.0373,71.4326,0.9833,0.9833
8/29/2008,9,542.4255,750.0249,823.5733,85.0823,0.0357,0.0357
8/29/2008,10,721.5180,937.8900,882.6645,96.3212,0.0333,0.0333
8/29/2008,11,843.0773,1071.1144,901.6588,107.7886,0.0000,0.0000
8/29/2008,12,909.9337,1140.5617,908.8035,118.8077,0.0000,0.0000
8/29/2008,13,903.3932,1141.4631,899.2415,120.2594,0.0000,0.0000
8/29/2008,14,836.4120,1073.7338,892.3065,113.8458,0.0000,0.0000
8/29/2008,15,702.7050,941.9793,849.9807,108.5103,0.0000,0.0000
8/29/2008,16,527.0505,755.1915,787.5398,95.1681,0.0000,0.0000
8/29/2008,17,321.5245,526.1759,656.2533,79.8231,0.2167,0.2167
8/29/2008,18,123.4340,270.9749,415.4723,55.8244,2.7833,1.5333
8/29/2008,19,5.7719,37.7959,38.3228,6.1691,3.0333,1.5500
8/29/2008,20,-6.6395,0.0000,-1.2931,-5.3083,-1.0000,-1.0000
8/29/2008,21,-5.4601,0.0000,-0.6212,-4.4584,-1.0000,-1.0000
8/29/2008,22,-4.3010,0.0000,-0.4845,-3.3173,-1.0000,-1.0000
8/29/2008,23,-4.3237,0.0000,0.2837,-3.7102,-1.0000,-1.0000
8/30/2008,0,-4.3776,0.0000,-0.3200,-3.4869,-1.0000,-1.0000
8/30/2008,1,-4.5253,0.0000,-0.4407,-3.8609,-1.0000,-1.0000
8/30/2008,2,-4.2642,0.0000,-0.9080,-3.3225,-1.0000,-1.0000
8/30/2008,3,-5.8916,0.0000,-1.1724,-4.4564,-1.0000,-1.0000
8/30/2008,4,-3.9508,0.0000,-0.3600,-3.2829,-1.0000,-1.0000
8/30/2008,5,-5.1440,0.0000,-1.2735,-4.2552,-1.0000,-1.0000
8/30/2008,6,10.5057,33.0739,98.3817,8.9166,-0.2833,-0.3333
8/30/2008,7,146.7824,261.5987,560.5905,50.1819,1.5500,1.4333
8/30/2008,8,346.5372,517.0170,773.1687,59.2224,0.9667,0.9667
8/30/2008,9,547.2590,746.7499,870.4843,67.8150,0.0333,0.0333
8/30/2008,10,724.5637,934.6328,917.4803,78.4890,0.7667,0.7667
8/30/2008,11,852.8455,1067.7396,938.6850,91.7063,2.6333,1.7833
8/30/2008,12,915.7328,1136.9414,948.1225,93.9409,1.1000,0.9000
8/30/2008,13,907.8125,1137.4858,936.4317,96.0772,0.1167,0.1167
8/30/2008,14,834.5690,1069.3127,903.0463,102.4457,0.9167,0.4500
8/30/2008,15,625.4400,937.0582,614.3899,186.1941,21.9667,14.0333
8/30/2008,16,484.5440,749.7485,718.6339,94.8750,3.6000,2.3667
8/30/2008,17,324.0657,520.2282,688.6766,72.2902,2.1500,1.6333
8/30/2008,18,80.6274,264.5989,266.0808,44.1925,5.4833,4.4500
8/30/2008,19,2.3445,34.3567,3.4800,3.0420,0.2000,0.0333
8/30/2008,20,-6.9574,0.0000,-1.4476,-5.3640,-1.0000,-1.0000
8/30/2008,21,-4.2469,0.0000,1.1982,-3.6700,-1.0000,-1.0000
8/30/2008,22,-4.9694,0.0000,-0.2246,-4.2214,-1.0000,-1.0000
8/30/2008,23,-5.4342,0.0000,-0.5098,-4.5567,-1.0000,-1.0000
8/31/2008,0,-6.1993,0.0000,-0.7348,-5.0696,-1.0000,-1.0000
8/31/2008,1,-5.7950,0.0000,0.1997,-4.7418,-1.0000,-1.0000
8/31/2008,2,-3.0256,0.0000,1.4218,-2.7802,-1.0000,-1.0000
8/31/2008,3,-5.2295,0.0000,-0.6412,-4.1167,-1.0000,-1.0000
8/31/2008,4,-4.1968,0.0000,-0.8773,-3.2887,-1.0000,-1.0000
8/31/2008,5,-5.2755,0.0000,-0.9927,-4.0263,-1.0000,-1.0000
8/31/2008,6,11.8872,31.1458,96.9054,10.6742,-0.1833,-0.3333
8/31/2008,7,143.4365,257.8983,467.8422,67.4347,6.8833,2.7333
8/31/2008,8,335.6523,513.5642,593.8185,107.3391,13.6833,2.9500
8/31/2008,9,552.8043,743.4379,866.1972,77.2630,2.8833,0.4833
8/31/2008,10,717.6695,931.3286,913.4765,74.8446,0.0000,0.0000
8/31/2008,11,815.2577,1064.3082,890.1830,89.0415,1.3500,0.8167
8/31/2008,12,905.9673,1133.2559,890.6785,128.6044,7.7833,3.6833
8/31/2008,13,899.0660,1133.4365,875.6337,139.3440,12.6833,4.9500
8/31/2008,14,677.4228,1064.8143,609.3287,174.0849,29.5000,21.1500
8/31/2008,15,361.8983,932.0567,126.6004,273.6708,88.6167,68.0333
8/31/2008,16,106.8319,744.2255,-3.4619,104.7174,95.9833,71.9167
8/31/2008,17,16.0129,514.2031,-4.6486,15.8721,92.7833,60.4000
8/31/2008,18,41.4412,258.1526,17.9911,40.7859,95.5500,74.0500
8/31/2008,19,11.5802,31.0602,23.9866,16.1653,16.3833,11.9167
8/31/2008,20,-3.9258,0.0000,-0.3951,3.3598,-1.0000,-1.0000
8/31/2008,21,-2.0938,0.0000,0.4887,9.2423,-1.0000,-1.0000
8/31/2008,22,-4.0369,0.0000,-0.4927,7.5857,-1.0000,-1.0000
8/31/2008,23,-2.9145,0.0000,1.5838,5.6742,-1.0000,-1.0000
