DATE,HOUR-MST,Avg Global PSP [W/m^2],Avg Global Extraterrestrial (calc) [W/m^2],Avg Direct NIP #2 [W/m^2],Avg Diffuse PSP (sband corr) [W/m^2],Avg Total Cloud Cover [%],Avg Opaque Cloud Cover [%]
7/1/2009,1,-5.1389,0.0000,-1.8188,-3.8188,-1.0000,-1.0000
7/1/2009,2,-5.3441,0.0000,-1.3148,-4.0021,-1.0000,-1.0000
7/1/2009,3,-4.2937,0.0000,-0.3444,-3.3814,-1.0000,-1.0000
7/1/2009,4,-6.6459,0.0000,-1.1705,-5.0508,-1.0000,-1.0000
7/1/2009,5,2.0604,13.6104,48.7951,2.5030,-1.0000,-1.0000
7/1/2009,6,99.7680,195.2465,512.7485,52.3763,0.9667,0.9667
7/1/2009,7,281.6317,437.3487,722.9348,72.3176,1.0000,1.0000
7/1/2009,8,482.6755,673.2299,824.4773,79.7294,0.7667,0.7667
7/1/2009,9,696.1727,886.0597,795.7107,169.0941,18.5167,13.2167
7/1/2009,10,851.4573,1061.2022,616.0174,312.8387,42.8000,32.8500
7/1/2009,11,944.3728,1186.6769,858.9430,143.8703,14.5833,9.2667
7/1/2009,12,1047.0962,1253.9120,773.9113,286.7925,44.0500,31.9833
7/1/2009,13,443.0965,1258.3140,154.1764,279.4655,67.8667,55.4000
7/1/2009,14,381.0742,1199.5767,66.5129,318.1051,74.9333,49.5000
7/1/2009,15,296.6923,1081.7034,41.7195,256.2401,70.8333,51.0167
7/1/2009,16,176.5393,912.7353,0.2337,176.1680,90.0667,66.7833
7/1/2009,17,450.0562,704.2172,525.3864,186.5006,40.8833,29.9500
7/1/2009,18,290.7405,470.4625,489.4507,157.9348,50.9167,28.9667
7/1/2009,19,78.9129,227.9487,136.9417,58.0345,52.5833,33.7667
7/1/2009,20,-0.9678,26.2326,-2.5139,-0.5313,1.2667,0.9833
7/1/2009,21,-4.4322,0.0000,-0.5696,-3.2741,-1.0000,-1.0000
7/1/2009,22,-1.8417,0.0000,-1.8363,-1.3450,-1.0000,-1.0000
7/1/2009,23,0.1057,0.0000,-0.0691,0.2556,-1.0000,-1.0000
7/2/2009,0,-1.5817,0.0000,1.4177,-1.5002,-1.0000,-1.0000
7/2/2009,1,-2.0103,0.0000,1.2370,-1.6335,-1.0000,-1.0000
7/2/2009,2,-1.2544,0.0000,1.3782,-1.1158,-1.0000,-1.0000
7/2/2009,3,0.3582,0.0000,1.1937,-0.1404,-1.0000,-1.0000
7/2/2009,4,-1.0211,0.0000,-0.0313,-1.7702,-1.0000,-1.0000
7/2/2009,5,4.7199,12.9901,31.0863,4.0089,-1.0000,-1.0000
7/2/2009,6,94.8896,193.4314,422.1922,52.7041,0.9667,0.9667
7/2/2009,7,275.3685,435.6378,686.4003,73.2757,1.5000,1.1500
7/2/2009,8,475.6480,671.6884,798.1842,76.7427,1.4167,1.0000
7/2/2009,9,668.8085,884.7269,838.6028,98.5507,1.0000,1.0000
7/2/2009,10,829.5530,1060.1004,861.9355,116.2718,1.0333,1.0000
7/2/2009,11,957.6595,1185.8125,902.9787,121.4695,1.9000,1.2500
7/2/2009,12,779.8920,1253.2744,551.1228,242.2837,35.6333,22.6000
7/2/2009,13,124.6536,1257.8760,-3.8845,124.6536,93.6833,66.3333
7/2/2009,14,166.6711,1199.2985,-2.9072,166.6711,90.4167,52.3667
7/2/2009,15,148.6673,1081.5315,2.9685,148.0607,94.0000,61.8772
7/2/2009,16,74.0935,912.6103,-2.8726,74.0935,97.9000,69.9833
7/2/2009,17,211.0665,704.0760,17.8800,202.5838,94.9167,77.6833
7/2/2009,18,160.9579,470.2417,85.3260,130.4365,90.5833,59.3333
7/2/2009,19,35.1570,227.5939,-0.6977,35.1570,78.9667,44.1667
7/2/2009,20,2.5007,26.0028,-0.4529,2.8436,2.0333,0.6167
7/2/2009,21,-1.6159,0.0000,0.8279,-1.3747,-1.0000,-1.0000
7/2/2009,22,-2.3532,0.0000,0.1498,-2.1684,-1.0000,-1.0000
7/2/2009,23,-2.7852,0.0000,2.5980,-3.8117,-1.0000,-1.0000
7/3/2009,0,-3.7510,0.0000,2.3472,-2.9604,-1.0000,-1.0000
7/3/2009,1,-3.9309,0.0000,1.2181,-2.7583,-1.0000,-1.0000
7/3/2009,2,-1.9935,0.0000,0.4493,-1.6190,-1.0000,-1.0000
7/3/2009,3,-1.7126,0.0000,0.7946,-1.2885,-1.0000,-1.0000
7/3/2009,4,-2.4633,0.0000,0.2370,-1.9256,-1.0000,-1.0000
7/3/2009,5,0.5863,12.3523,0.6041,0.8348,-1.0000,-1.0000
7/3/2009,6,14.8531,191.5411,0.9812,14.8531,69.2833,40.4667
7/3/2009,7,66.3932,433.8639,2.1844,66.3932,96.1833,76.8667
7/3/2009,8,402.8803,670.0959,378.7548,202.4808,67.9333,51.4000
7/3/2009,9,587.5535,883.3518,639.4712,143.2745,17.4500,12.7667
7/3/2009,10,800.3713,1058.9628,841.9313,98.6978,6.3167,3.7500
7/3/2009,11,926.9232,1184.9146,827.7609,154.3920,15.2500,9.8833
7/3/2009,12,1022.5835,1252.6007,827.8325,207.6842,26.2167,17.5000
7/3/2009,13,969.3518,1257.3978,788.2529,186.3208,20.4333,13.4833
7/3/2009,14,914.2450,1198.9708,745.0128,217.2645,21.8000,12.8167
7/3/2009,15,706.9462,1081.3001,480.6207,302.4280,50.2333,33.9833
7/3/2009,16,36.1920,912.4127,-14.3891,36.1920,90.4333,57.3667
7/3/2009,17,429.5279,703.8474,489.7674,182.0036,67.1333,46.2667
7/3/2009,18,294.6987,469.9203,693.2230,68.2487,4.2000,2.8000
7/3/2009,19,98.4849,227.1258,436.5198,51.6085,6.1000,3.8000
7/3/2009,20,4.1911,25.7165,9.6401,3.0198,0.0333,-0.3500
7/3/2009,21,0.4882,0.0000,0.3041,-2.1426,-1.0000,-1.0000
7/3/2009,22,0.4628,0.0000,-0.6885,-2.8417,-1.0000,-1.0000
7/3/2009,23,-0.8596,0.0000,-1.4547,-1.8708,-1.0000,-1.0000
7/4/2009,0,-2.6143,0.0000,-1.2202,-2.1566,-1.0000,-1.0000
7/4/2009,1,-1.1166,0.0000,0.3562,-0.8787,-1.0000,-1.0000
7/4/2009,2,-3.5936,0.0000,-0.4340,-2.9049,-1.0000,-1.0000
7/4/2009,3,-2.5243,0.0000,0.4867,-1.7252,-1.0000,-1.0000
7/4/2009,4,-3.1300,0.0000,-0.0927,-2.4313,-1.0000,-1.0000
7/4/2009,5,1.2873,11.7113,3.7065,1.6761,-1.0000,-1.0000
7/4/2009,6,108.3239,189.5773,357.6335,71.2518,11.4000,2.4833
7/4/2009,7,272.8257,432.0281,512.8113,121.5486,27.3500,7.4000
7/4/2009,8,408.0700,668.4525,420.0075,215.2193,57.1000,34.8167
7/4/2009,9,232.9218,881.9343,9.1176,226.7393,98.8833,85.2000
7/4/2009,10,360.6745,1057.7883,5.2574,359.3189,97.8667,69.8167
7/4/2009,11,432.6343,1183.9820,3.6139,432.6243,95.2333,59.5333
7/4/2009,12,402.7207,1251.8925,3.5806,402.3132,97.6667,72.0333
7/4/2009,13,564.7488,1256.8789,45.4572,520.9841,95.9833,71.5000
7/4/2009,14,674.2253,1198.5938,133.6833,556.6069,84.8571,53.7857
7/4/2009,15,478.3277,1081.0084,70.4118,400.4728,81.0000,56.0167
7/4/2009,16,74.4856,912.1414,-5.7514,74.4856,95.0000,57.4000
7/4/2009,17,186.4351,703.5312,59.1721,154.1306,97.1500,76.5333
7/4/2009,18,217.1315,469.4970,123.6719,173.5333,81.0833,61.7333
7/4/2009,19,50.0559,226.5437,0.7668,50.0295,80.9000,67.4000
7/4/2009,20,5.6142,25.3829,0.9077,5.7300,3.9167,3.0667
7/4/2009,21,-2.8218,0.0000,0.2439,-2.5428,-1.0000,-1.0000
7/4/2009,22,-2.6973,0.0000,0.9863,-2.0509,-1.0000,-1.0000
7/4/2009,23,-2.9740,0.0000,0.5758,-2.5711,-1.0000,-1.0000
7/5/2009,0,-3.0094,0.0000,1.0630,-2.3956,-1.0000,-1.0000
7/5/2009,1,-2.8994,0.0000,0.8706,-2.1374,-1.0000,-1.0000
7/5/2009,2,-2.7021,0.0000,0.2968,-2.2350,-1.0000,-1.0000
7/5/2009,3,-2.6991,0.0000,-0.3142,-2.5409,-1.0000,-1.0000
7/5/2009,4,-2.2633,0.0000,0.7848,-2.0997,-1.0000,-1.0000
7/5/2009,5,2.2842,11.0542,24.7686,2.3304,-1.0000,-1.0000
7/5/2009,6,92.1506,187.5410,405.8733,56.0492,2.5833,2.2333
7/5/2009,7,280.8612,430.1316,449.1334,163.8676,47.1833,36.3667
7/5/2009,8,219.7337,666.7596,14.3793,213.7355,98.3500,90.9667
7/5/2009,9,322.7615,880.4763,12.3360,316.8622,94.1864,69.4237
7/5/2009,10,804.3737,1056.5781,568.9307,308.6250,39.8947,23.7895
7/5/2009,11,730.3407,1183.0147,380.8393,347.5703,35.5500,18.0000
7/5/2009,12,1018.7877,1251.1474,743.4516,267.8060,21.4167,10.9167
7/5/2009,13,1022.0417,1256.3179,739.8644,282.6447,22.4000,12.7000
7/5/2009,14,720.7935,1198.1667,391.3575,336.9294,51.5667,27.4500
7/5/2009,15,109.0181,1080.6537,-7.9366,109.0181,94.6167,58.2333
7/5/2009,16,473.3512,911.7948,352.5032,233.9938,57.9833,38.6333
7/5/2009,17,492.5913,703.1262,799.7678,85.5533,4.2833,2.8667
7/5/2009,18,143.1844,468.9709,116.2286,112.6702,41.2167,24.1667
7/5/2009,19,34.1279,225.8468,35.7044,32.5395,8.5000,5.2667
7/5/2009,20,-1.1767,24.9933,-0.5865,-0.6745,-0.5167,-0.6000
7/5/2009,21,-4.6594,0.0000,-0.2654,-3.7805,-1.0000,-1.0000
7/5/2009,22,-4.4241,0.0000,-0.3795,-3.4104,-1.0000,-1.0000
7/5/2009,23,-4.4313,0.0000,-0.3995,-3.4557,-1.0000,-1.0000
7/6/2009,0,-3.4967,0.0000,0.0391,-2.6684,-1.0000,-1.0000
7/6/2009,1,-3.1646,0.0000,-0.1632,-2.4602,-1.0000,-1.0000
7/6/2009,2,-4.1242,0.0000,-0.5541,-3.0758,-1.0000,-1.0000
7/6/2009,3,-4.0929,0.0000,0.2688,-3.2408,-1.0000,-1.0000
7/6/2009,4,-3.4533,0.0000,0.3277,-2.6679,-1.0000,-1.0000
7/6/2009,5,2.5802,10.4050,40.8205,2.7119,-1.0000,-1.0000
7/6/2009,6,96.4083,185.4339,484.9292,52.6762,0.8667,0.8667
7/6/2009,7,280.3215,428.1755,727.1718,70.8370,1.5500,1.5000
7/6/2009,8,480.8965,665.0177,851.1092,69.4571,1.0000,1.0000
7/6/2009,9,683.2972,878.9776,912.3408,69.0906,1.0000,1.0000
7/6/2009,10,852.0505,1055.3318,944.2040,73.7960,1.0167,1.0167
7/6/2009,11,980.6038,1182.0135,956.9062,89.6886,1.8000,1.1667
7/6/2009,12,1041.2875,1250.3653,935.5603,118.1939,6.1833,2.9167
7/6/2009,13,1031.8173,1255.7143,924.4478,113.0425,5.7667,3.2000
7/6/2009,14,982.1710,1197.6875,947.8765,96.7750,2.2167,1.0500
7/6/2009,15,832.8905,1080.2363,839.8720,129.6386,11.1833,6.2167
7/6/2009,16,190.2175,911.3720,116.3750,94.4469,76.5000,54.4667
7/6/2009,17,368.5105,702.6309,374.2963,179.9174,57.0000,43.2667
7/6/2009,18,315.0650,468.3411,726.7297,92.3234,14.7000,8.2667
7/6/2009,19,100.6546,225.0343,480.8168,50.2832,3.9167,2.2167
7/6/2009,20,1.5620,24.5479,33.3038,2.3367,-0.5833,-0.5833
7/6/2009,21,-4.1325,0.0000,-0.5139,-3.2186,-1.0000,-1.0000
7/6/2009,22,-3.5545,0.0000,-0.1117,-2.8677,-1.0000,-1.0000
7/6/2009,23,-3.9000,0.0000,0.1775,-3.1888,-1.0000,-1.0000
7/7/2009,0,-6.1215,0.0000,-2.6379,-4.8806,-1.0000,-1.0000
7/7/2009,1,-4.4477,0.0000,-1.0013,-3.3702,-1.0000,-1.0000
7/7/2009,2,-4.7629,0.0000,-0.2638,-3.5671,-1.0000,-1.0000
7/7/2009,3,-3.2376,0.0000,0.3700,-2.6892,-1.0000,-1.0000
7/7/2009,4,-4.9013,0.0000,-0.7675,-3.9385,-1.0000,-1.0000
7/7/2009,5,-0.2941,9.7454,25.7344,0.5619,-1.0000,-1.0000
7/7/2009,6,89.6173,183.2576,425.9623,49.7725,0.8667,0.8667
7/7/2009,7,275.7750,426.1612,698.2832,73.6725,1.9667,1.7833
7/7/2009,8,479.9803,663.2279,817.7937,78.3524,2.1667,1.4000
7/7/2009,9,686.2445,877.4384,900.4710,79.7333,1.0000,1.0000
7/7/2009,10,866.3427,1054.0503,952.9788,86.2878,4.7000,3.1333
7/7/2009,11,1029.3662,1180.9778,859.8708,222.7875,34.3833,20.2667
7/7/2009,12,705.7557,1249.5461,439.3229,246.3324,40.1833,28.4333
7/7/2009,13,1005.4402,1255.0671,668.0731,334.5720,53.2500,39.4500
7/7/2009,14,933.0965,1197.1557,660.8327,294.9830,42.9167,27.3333
7/7/2009,15,424.5490,1079.7551,161.6227,269.4931,58.5833,39.7167
7/7/2009,16,688.4387,910.8720,702.6604,203.4424,34.4643,21.6964
7/7/2009,17,465.2103,702.0447,528.5504,192.5515,39.3833,24.9167
7/7/2009,18,311.4753,467.6068,661.1920,108.0088,20.8500,12.8667
7/7/2009,19,90.4798,224.1058,197.6149,61.3578,27.9167,16.4833
7/7/2009,20,2.3957,24.0488,10.9199,3.0755,0.4167,0.1500
7/7/2009,21,-4.8936,0.0000,-1.4549,-3.6362,-1.0000,-1.0000
7/7/2009,22,-4.5652,0.0000,-0.4249,-3.7161,-1.0000,-1.0000
7/7/2009,23,-4.5933,0.0000,-0.6230,-3.3673,-1.0000,-1.0000
7/8/2009,0,-4.0398,0.0000,-0.6735,-2.9246,-1.0000,-1.0000
7/8/2009,1,-3.2598,0.0000,-0.2256,-2.4497,-1.0000,-1.0000
7/8/2009,2,-4.5673,0.0000,-0.6929,-3.5809,-1.0000,-1.0000
7/8/2009,3,-4.2426,0.0000,-0.5441,-3.3769,-1.0000,-1.0000
7/8/2009,4,-4.0072,0.0000,-0.6725,-3.1761,-1.0000,-1.0000
7/8/2009,5,0.9479,9.0905,29.2864,1.5648,-1.0000,-1.0000
7/8/2009,6,91.8562,181.0133,466.2022,49.4790,0.8333,0.8333
7/8/2009,7,282.8232,424.0898,761.7883,64.1400,1.0000,1.0000
7/8/2009,8,488.7383,661.3913,886.2600,57.9979,0.8000,0.7000
7/8/2009,9,687.8133,875.8599,931.1620,62.7210,1.0000,1.0000
7/8/2009,10,855.5593,1052.7335,951.9428,71.4022,1.0000,1.0000
7/8/2009,11,971.7627,1179.9073,961.2105,76.8995,0.8500,0.8500
7/8/2009,12,1033.2932,1248.6891,960.6825,83.2262,0.3500,0.3333
7/8/2009,13,1042.3817,1254.3762,964.8408,84.9995,0.0500,0.0500
7/8/2009,14,981.1048,1196.5707,952.1068,86.1634,0.0169,0.0000
7/8/2009,15,865.1920,1079.2089,927.8027,90.0328,1.2807,0.4386
7/8/2009,16,653.6920,910.2940,799.1577,100.7643,3.5000,2.2000
7/8/2009,17,489.2490,701.3663,808.9380,77.2444,1.5333,1.0000
7/8/2009,18,281.3825,466.7670,640.6030,77.0725,4.8929,3.8750
7/8/2009,19,84.0715,223.0608,303.1547,55.1717,7.8333,5.6333
7/8/2009,20,-0.5712,23.5100,28.8935,0.5909,-0.3500,-0.3667
7/8/2009,21,-8.1059,0.0000,-2.2573,-6.1955,-1.0000,-1.0000
7/8/2009,22,-5.0778,0.0000,-1.2250,-3.6742,-1.0000,-1.0000
7/8/2009,23,-3.7669,0.0000,0.0035,-2.8772,-1.0000,-1.0000
7/9/2009,0,-6.0511,0.0000,-0.6996,-4.5662,-1.0000,-1.0000
7/9/2009,1,-6.7249,0.0000,-1.3005,-5.2795,-1.0000,-1.0000
7/9/2009,2,-5.5372,0.0000,-1.8742,-4.0981,-1.0000,-1.0000
7/9/2009,3,-3.7446,0.0000,0.1846,-2.7637,-1.0000,-1.0000
7/9/2009,4,-5.2597,0.0000,-2.2966,-3.6899,-1.0000,-1.0000
7/9/2009,5,1.1068,8.4413,32.6083,1.7433,-1.0000,-1.0000
7/9/2009,6,86.9405,178.7027,304.6920,59.1816,15.8833,5.4667
7/9/2009,7,236.5737,421.9624,449.4643,106.9896,22.4000,9.9167
7/9/2009,8,444.3827,659.5086,636.4279,139.6374,28.5167,15.6000
7/9/2009,9,552.4027,874.2426,381.8126,293.2953,68.6667,35.7000
7/9/2009,10,774.1860,1051.3817,695.1703,196.4639,27.9167,14.5500
7/9/2009,11,956.1652,1178.8023,870.4615,140.9496,3.2667,1.8833
7/9/2009,12,1029.2058,1247.7946,923.6947,117.5467,0.2333,0.2333
7/9/2009,13,1036.5198,1253.6407,902.9392,145.2458,3.7833,2.3333
7/9/2009,14,839.8000,1195.9318,617.5716,245.2388,19.9167,10.8333
7/9/2009,15,807.3502,1078.5966,603.9443,290.1064,44.1000,29.4667
7/9/2009,16,500.4977,909.6369,309.8560,275.8739,61.8000,43.0500
7/9/2009,17,183.1470,700.5952,66.2983,153.2901,81.8000,61.1833
7/9/2009,18,273.6333,465.8214,479.0360,134.7647,44.6500,28.6167
7/9/2009,19,45.9400,221.8987,66.4720,37.0799,30.2833,23.7833
7/9/2009,20,2.4943,22.9171,18.6688,3.3370,2.0667,1.4500
7/9/2009,21,-5.0699,0.0000,-0.5330,-3.7035,-1.0000,-1.0000
7/9/2009,22,-4.0058,0.0000,-0.5484,-2.8530,-1.0000,-1.0000
7/9/2009,23,-3.4209,0.0000,-0.3172,-2.4366,-1.0000,-1.0000
7/10/2009,0,-3.8479,0.0000,-0.4977,-2.9450,-1.0000,-1.0000
7/10/2009,1,-3.6011,0.0000,-0.4806,-2.8247,-1.0000,-1.0000
7/10/2009,2,-4.4718,0.0000,-0.1415,-3.5433,-1.0000,-1.0000
7/10/2009,3,-3.7490,0.0000,-0.1112,-2.9735,-1.0000,-1.0000
7/10/2009,4,-3.4667,0.0000,-0.3919,-2.5248,-1.0000,-1.0000
7/10/2009,5,-0.7247,7.7923,8.1471,-0.2058,-1.0000,-1.0000
7/10/2009,6,58.9993,176.3274,50.4843,54.3634,37.3500,13.3000
7/10/2009,7,246.1433,419.7802,265.4840,170.6660,81.6000,35.4167
7/10/2009,8,401.7947,657.5808,247.4815,283.3903,96.1833,74.1167
7/10/2009,9,671.9905,872.5870,732.6937,173.3979,34.7500,11.2833
7/10/2009,10,888.1277,1049.9954,929.1930,133.8008,10.4000,4.2000
7/10/2009,11,884.4815,1177.6626,622.3997,303.3875,35.9167,7.8167
7/10/2009,12,974.4432,1246.8618,717.9345,264.5779,31.6167,8.4833
7/10/2009,13,945.5483,1252.8601,626.9303,316.5098,53.5167,23.5833
7/10/2009,14,610.1450,1195.2381,269.0725,342.2343,56.3667,29.2000
7/10/2009,15,716.0700,1077.9178,506.3936,291.3419,46.7333,23.9000
7/10/2009,16,520.1155,908.8999,421.2614,223.0200,36.7333,22.3833
7/10/2009,17,298.4500,699.7306,187.2810,197.1854,75.7500,55.7500
7/10/2009,18,96.0962,464.7688,15.8444,92.2805,93.6333,77.3167
7/10/2009,19,25.1860,220.6190,-4.2355,24.3653,74.7833,54.1667
7/10/2009,20,2.8417,22.2789,1.0754,-1.4237,7.7333,6.3333
7/10/2009,21,-0.0302,0.0000,0.8766,-1.9629,-1.0000,-1.0000
7/10/2009,22,-1.8203,0.0000,0.9839,-2.6243,-1.0000,-1.0000
7/10/2009,23,-2.9891,0.0000,0.5521,-2.9047,-1.0000,-1.0000
7/11/2009,0,-3.8771,0.0000,0.3187,-3.3321,-1.0000,-1.0000
7/11/2009,1,-4.1287,0.0000,0.7757,-3.4454,-1.0000,-1.0000
7/11/2009,2,-3.8595,0.0000,0.5335,-3.3191,-1.0000,-1.0000
7/11/2009,3,-4.6351,0.0000,-1.6473,-3.7002,-1.0000,-1.0000
7/11/2009,4,-3.4287,0.0000,0.3060,-2.5971,-1.0000,-1.0000
7/11/2009,5,0.9394,7.1587,24.4720,1.2615,-1.0000,-1.0000
7/11/2009,6,70.6313,173.8886,381.5455,41.7259,0.9333,0.8833
7/11/2009,7,268.4130,417.5445,718.9892,64.8959,1.4000,1.4000
7/11/2009,8,468.6688,655.6089,849.9523,58.4195,0.9833,0.9833
7/11/2009,9,667.4703,870.8941,912.4330,60.5172,1.0000,1.0000
7/11/2009,10,836.6978,1048.5749,943.8950,67.1107,1.0000,1.0000
7/11/2009,11,960.0032,1176.4886,954.2225,75.7866,1.0000,1.0000
7/11/2009,12,1024.9547,1245.8908,947.5840,90.6899,2.6167,1.5333
7/11/2009,13,1033.2155,1252.0342,870.4677,174.9317,17.6667,11.4167
7/11/2009,14,152.1637,1194.4889,6.6434,142.3716,88.1667,54.7333
7/11/2009,15,556.6062,1077.1717,205.5254,383.4166,85.8000,64.6000
7/11/2009,16,240.4449,908.0821,74.3418,177.1902,91.9500,70.0833
7/11/2009,17,33.8547,698.7714,-4.7054,33.8547,98.4333,85.7833
7/11/2009,18,87.5790,463.6091,67.8475,70.6099,89.7333,66.1500
7/11/2009,19,67.0006,219.2215,46.0639,62.4977,40.4167,18.2667
7/11/2009,20,-0.2672,21.6024,8.5785,0.3971,-0.5833,-0.6500
7/11/2009,21,-4.1127,0.0000,0.7693,-3.3057,-1.0000,-1.0000
7/11/2009,22,-3.2444,0.0000,0.4630,-2.7044,-1.0000,-1.0000
7/11/2009,23,-3.9044,0.0000,-0.3755,-3.0463,-1.0000,-1.0000
7/12/2009,0,-1.6788,0.0000,0.7844,-1.3256,-1.0000,-1.0000
7/12/2009,1,-2.6607,0.0000,0.5186,-2.0773,-1.0000,-1.0000
7/12/2009,2,-5.3533,0.0000,-1.3463,-4.1396,-1.0000,-1.0000
7/12/2009,3,-3.8530,0.0000,-0.3272,-2.8322,-1.0000,-1.0000
7/12/2009,4,-4.4607,0.0000,-0.4066,-3.2909,-1.0000,-1.0000
7/12/2009,5,-0.6976,6.5374,24.2511,0.0567,-1.0000,-1.0000
7/12/2009,6,88.4107,171.3881,452.6210,50.7880,2.1833,0.8000
7/12/2009,7,239.1513,415.2566,603.1418,69.6772,3.7833,2.7667
7/12/2009,8,483.0760,653.5938,691.4715,150.1592,33.6964,11.8214
7/12/2009,9,563.7442,869.1644,481.2997,236.9504,51.7000,22.0500
7/12/2009,10,550.9913,1047.1206,150.8358,422.4189,93.2333,71.4000
7/12/2009,11,720.3855,1175.2801,209.2193,503.3477,86.5000,55.8929
7/12/2009,12,611.2338,1244.8812,110.4507,500.4649,93.9833,72.9167
7/12/2009,13,412.7180,1251.1624,18.5248,401.3156,97.5667,85.3000
7/12/2009,14,234.6388,1193.6840,2.2125,234.0179,92.9500,67.4833
7/12/2009,15,653.8950,1076.3574,347.0303,366.6082,74.2500,52.3667
7/12/2009,16,127.0041,907.1829,9.5646,109.9130,94.0667,68.0833
7/12/2009,17,223.1858,697.7174,140.6965,133.2310,91.0500,67.0333
7/12/2009,18,307.9903,462.3413,384.8843,181.3739,71.0667,47.2500
7/12/2009,19,113.6958,217.7057,291.7025,92.5195,46.6333,26.8500
7/12/2009,20,4.7661,20.8772,0.5524,5.6661,2.5833,1.0167
7/12/2009,21,-3.7514,0.0000,-0.3087,-2.8012,-1.0000,-1.0000
7/12/2009,22,-5.4766,0.0000,-1.0352,-4.1978,-1.0000,-1.0000
7/12/2009,23,-3.7372,0.0000,-0.4937,-2.7296,-1.0000,-1.0000
7/13/2009,0,-5.2086,0.0000,-0.4928,-3.9356,-1.0000,-1.0000
7/13/2009,1,-4.0878,0.0000,-0.4087,-3.2137,-1.0000,-1.0000
7/13/2009,2,-4.1216,0.0000,-0.4255,-3.1318,-1.0000,-1.0000
7/13/2009,3,-3.7516,0.0000,-0.1459,-2.9645,-1.0000,-1.0000
7/13/2009,4,-3.3316,0.0000,-0.2630,-2.4452,-1.0000,-1.0000
7/13/2009,5,0.1425,5.9258,22.6417,0.6723,-1.0000,-1.0000
7/13/2009,6,80.4516,168.8273,436.1130,44.2619,0.7333,0.7333
7/13/2009,7,261.3085,412.9176,716.2068,61.3286,1.0000,1.0000
7/13/2009,8,465.4085,651.5366,827.5210,65.8518,1.0000,1.0000
7/13/2009,9,659.1635,867.3985,886.2247,70.4340,1.0000,1.0000
7/13/2009,10,849.3403,1045.6329,925.9908,97.3319,5.7000,3.6667
7/13/2009,11,692.8797,1174.0375,408.1552,307.9414,60.1833,38.6833
7/13/2009,12,250.6708,1243.8331,27.2187,219.7326,95.3000,80.1333
7/13/2009,13,67.2273,1250.2446,-4.5398,67.2114,96.5000,72.0500
7/13/2009,14,129.5277,1192.8225,-5.6646,129.3764,92.4000,45.8500
7/13/2009,15,420.6133,1075.4745,81.1282,354.5422,84.6167,53.6833
7/13/2009,16,312.6155,906.2017,27.4118,291.2772,85.5500,64.8667
7/13/2009,17,361.5857,696.5677,195.7319,263.8172,76.8833,49.7167
7/13/2009,18,283.0975,460.9653,440.0336,152.8225,36.8167,14.4500
7/13/2009,19,96.8981,216.0715,236.5624,68.5881,43.2500,21.1167
7/13/2009,20,-1.4354,20.1251,-1.4502,-0.8698,-0.0833,-0.4500
7/13/2009,21,-4.8075,0.0000,-1.0747,-3.5488,-1.0000,-1.0000
7/13/2009,22,-3.8157,0.0000,0.1659,-2.9156,-1.0000,-1.0000
7/13/2009,23,-5.9178,0.0000,-1.7011,-4.6561,-1.0000,-1.0000
7/14/2009,0,-5.1379,0.0000,-0.5698,-3.9699,-1.0000,-1.0000
7/14/2009,1,-3.4649,0.0000,-0.1832,-2.5790,-1.0000,-1.0000
7/14/2009,2,-3.7536,0.0000,-0.4251,-2.7308,-1.0000,-1.0000
7/14/2009,3,-5.0029,0.0000,-0.8126,-3.8350,-1.0000,-1.0000
7/14/2009,4,-4.4106,0.0000,-0.9896,-3.4351,-1.0000,-1.0000
7/14/2009,5,-1.7518,5.3307,7.1666,-0.9773,-1.0000,-1.0000
7/14/2009,6,75.1063,166.2080,367.4618,43.1396,0.8000,0.8000
7/14/2009,7,259.6560,410.5288,699.3602,67.3108,1.0000,1.0000
7/14/2009,8,461.8262,649.4385,827.1207,66.9546,0.9333,0.9333
7/14/2009,9,667.8283,865.5975,893.1665,73.4127,1.0000,1.0000
7/14/2009,10,841.6463,1044.1125,931.8893,81.5114,1.3500,1.0667
7/14/2009,11,971.2603,1172.7612,944.0015,97.0378,2.2667,1.2167
7/14/2009,12,1043.9310,1242.7467,940.1157,118.1257,4.3000,2.3667
7/14/2009,13,1012.2267,1249.2804,900.0897,125.0808,8.2667,4.5000
7/14/2009,14,1024.6573,1191.9045,970.7933,119.6036,9.0167,3.9833
7/14/2009,15,901.0885,1074.5225,960.6522,102.3011,7.8167,4.3000
7/14/2009,16,733.8977,905.1381,937.0455,89.1052,7.0500,4.6667
7/14/2009,17,511.7272,695.3219,608.7584,187.4872,49.9000,36.3333
7/14/2009,18,248.1077,459.4805,360.7328,155.2598,75.5000,54.3500
7/14/2009,19,138.5393,214.3188,463.9838,91.6147,86.3000,64.8667
7/14/2009,20,5.7534,19.3284,14.6247,6.3562,5.6833,4.3333
7/14/2009,21,-5.2546,0.0000,-2.5738,-4.0371,-1.0000,-1.0000
7/14/2009,22,-5.0947,0.0000,-1.0672,-4.1753,-1.0000,-1.0000
7/14/2009,23,-5.5179,0.0000,-1.0172,-4.2302,-1.0000,-1.0000
7/15/2009,0,-3.7846,0.0000,-0.6348,-2.9805,-1.0000,-1.0000
7/15/2009,1,-3.5387,0.0000,-1.5578,-2.7816,-1.0000,-1.0000
7/15/2009,2,-4.1198,0.0000,-1.7048,-3.0108,-1.0000,-1.0000
7/15/2009,3,-4.3037,0.0000,-0.6199,-3.2764,-1.0000,-1.0000
7/15/2009,4,-4.4744,0.0000,-0.4147,-3.5669,-1.0000,-1.0000
7/15/2009,5,-0.7435,4.7626,5.5379,-0.0108,-1.0000,-1.0000
7/15/2009,6,80.6390,163.5317,320.2379,54.5707,8.6833,4.3000
7/15/2009,7,202.2794,408.0918,286.2140,124.2384,48.6333,29.7667
7/15/2009,8,414.2830,647.3005,589.0458,123.5621,16.9333,10.2000
7/15/2009,9,658.9430,863.7623,783.7932,142.8447,9.9000,6.1167
7/15/2009,10,762.3047,1042.5600,742.0263,156.0301,10.0500,6.5667
7/15/2009,11,952.0472,1171.4512,912.4920,113.0582,1.0833,1.0000
7/15/2009,12,1021.9577,1241.6217,929.2565,116.2951,2.9000,1.6833
7/15/2009,13,1032.2467,1248.2699,935.8795,114.2432,4.3333,2.4000
7/15/2009,14,929.4532,1190.9294,802.8263,170.0611,16.1667,9.9167
7/15/2009,15,619.5907,1073.5011,546.1325,146.1474,15.7000,11.1167
7/15/2009,16,420.5328,903.9914,310.8273,212.4440,61.6500,45.2000
7/15/2009,17,438.9352,693.9796,537.5052,171.5582,40.7167,26.1000
7/15/2009,18,284.1979,457.8866,633.0209,89.6622,12.8500,7.7167
7/15/2009,19,27.3147,212.4471,21.9743,25.0063,13.8167,9.2000
7/15/2009,20,-0.4047,18.5093,-0.4897,0.3030,-0.4000,-0.5333
7/15/2009,21,-5.2809,0.0000,-0.5915,-3.9288,-1.0000,-1.0000
7/15/2009,22,-6.3077,0.0000,-1.3174,-4.8668,-1.0000,-1.0000
7/15/2009,23,-4.9008,0.0000,-0.3031,-3.8850,-1.0000,-1.0000
7/16/2009,0,-3.8482,0.0000,0.0649,-3.1280,-1.0000,-1.0000
7/16/2009,1,-4.5582,0.0000,-0.9300,-3.3411,-1.0000,-1.0000
7/16/2009,2,-3.2719,0.0000,-0.0598,-2.6142,-1.0000,-1.0000
7/16/2009,3,-4.1532,0.0000,-0.7060,-2.9739,-1.0000,-1.0000
7/16/2009,4,-4.8261,0.0000,-0.9800,-3.4846,-1.0000,-1.0000
7/16/2009,5,-1.5387,4.2131,15.1601,-0.7596,-1.0000,-1.0000
7/16/2009,6,81.0580,160.8003,456.1095,46.0941,0.6667,0.6667
7/16/2009,7,269.1318,405.6078,756.0323,64.7365,1.0000,1.0000
7/16/2009,8,486.2277,645.1239,881.8927,67.3453,0.6667,0.6667
7/16/2009,9,683.4698,861.8938,934.3585,68.0972,1.0000,1.0000
7/16/2009,10,852.0667,1040.9762,952.3993,76.8508,1.0000,1.0000
7/16/2009,11,979.2562,1170.1083,969.5698,84.4544,0.7167,0.7167
7/16/2009,12,1046.6333,1240.4588,977.5720,87.1578,0.0000,0.0000
7/16/2009,13,1036.4000,1247.2130,947.5977,98.5161,0.0833,0.0833
7/16/2009,14,972.9262,1189.8971,933.2072,100.8276,0.0000,0.0000
7/16/2009,15,848.0240,1072.4098,897.4308,102.3948,0.0000,0.0000
7/16/2009,16,680.3312,902.7613,861.4508,92.2429,0.0000,0.0000
7/16/2009,17,483.2600,692.5404,808.6023,77.4703,0.6833,0.3667
7/16/2009,18,275.5975,456.1833,689.9265,68.5666,2.5000,1.8500
7/16/2009,19,88.0428,210.4567,452.9852,46.1860,1.0833,1.0833
7/16/2009,20,-3.4064,17.6563,11.8874,-1.9809,-0.8000,-0.8000
7/16/2009,21,-5.3976,0.0000,-0.6892,-4.3772,-1.0000,-1.0000
7/16/2009,22,-5.8416,0.0000,-0.5990,-4.7696,-1.0000,-1.0000
7/16/2009,23,-5.7283,0.0000,-1.1244,-4.3473,-1.0000,-1.0000
7/17/2009,0,-4.2860,0.0000,-0.6742,-3.4649,-1.0000,-1.0000
7/17/2009,1,-5.2254,0.0000,-1.2050,-4.0437,-1.0000,-1.0000
7/17/2009,2,-5.6446,0.0000,-1.2888,-4.1870,-1.0000,-1.0000
7/17/2009,3,-6.2756,0.0000,-1.3297,-4.8284,-1.0000,-1.0000
7/17/2009,4,-4.9520,0.0000,-1.0478,-3.7988,-1.0000,-1.0000
7/17/2009,5,-3.6714,3.6851,9.7501,-2.5927,-1.0000,-1.0000
7/17/2009,6,73.8516,158.0157,389.5173,45.0273,1.4500,1.4500
7/17/2009,7,256.4368,403.0785,707.2427,68.9845,2.6333,2.0000
7/17/2009,8,465.6553,642.9101,833.8723,72.4601,1.6667,1.1167
7/17/2009,9,665.1113,859.9931,898.9608,77.6566,1.0000,1.0000
7/17/2009,10,831.6538,1039.3620,928.0535,84.8719,1.0000,1.0000
7/17/2009,11,959.0275,1168.7330,940.0713,97.9193,1.2321,1.0000
7/17/2009,12,1023.0533,1239.2578,931.2208,114.3255,2.4000,1.3333
7/17/2009,13,1018.8417,1246.1096,915.7043,122.9667,3.1667,1.6500
7/17/2009,14,946.0175,1188.8073,853.7120,149.3607,6.0833,2.6833
7/17/2009,15,861.6598,1071.2484,867.3945,142.1833,6.1833,3.0167
7/17/2009,16,460.2540,901.4474,425.5029,156.3659,27.6500,18.4667
7/17/2009,17,292.9239,691.0039,298.7343,149.4944,36.9000,23.7667
7/17/2009,18,213.8614,454.3702,395.6293,92.3308,13.6833,5.7667
7/17/2009,19,91.8228,208.3475,262.5034,61.4824,17.6500,5.7667
7/17/2009,20,-0.5761,16.7788,4.2756,0.1614,-0.2167,-0.3833
7/17/2009,21,-6.1855,0.0000,-1.2322,-4.9694,-1.0000,-1.0000
7/17/2009,22,-6.1795,0.0000,-1.0642,-4.8801,-1.0000,-1.0000
7/17/2009,23,-6.7228,0.0000,-1.5007,-5.3183,-1.0000,-1.0000
7/18/2009,0,-4.9742,0.0000,-0.4510,-3.9170,-1.0000,-1.0000
7/18/2009,1,-4.2546,0.0000,-0.5428,-3.3382,-1.0000,-1.0000
7/18/2009,2,-3.5915,0.0000,0.1040,-2.7693,-1.0000,-1.0000
7/18/2009,3,-4.0225,0.0000,0.1182,-3.2674,-1.0000,-1.0000
7/18/2009,4,-4.4936,0.0000,-1.1067,-3.4719,-1.0000,-1.0000
7/18/2009,5,-2.1896,3.1816,2.2224,-1.3371,-1.0000,-1.0000
7/18/2009,6,61.4244,155.1796,249.7536,43.5101,2.6500,2.1333
7/18/2009,7,201.8705,400.5054,440.6125,82.5890,5.5500,4.4667
7/18/2009,8,425.2723,640.6603,621.7655,125.5699,10.6333,7.4000
7/18/2009,9,615.7232,858.0615,651.4102,176.4149,12.2000,4.1167
7/18/2009,10,816.7925,1037.7181,836.3515,136.7041,2.7833,1.7167
7/18/2009,11,921.2315,1167.3256,838.5490,151.4397,1.9167,1.3833
7/18/2009,12,1004.7168,1238.0193,883.9603,141.1202,0.0333,0.0333
7/18/2009,13,1015.5565,1244.9600,904.7905,134.0005,0.1000,0.1000
7/18/2009,14,950.8547,1187.6600,874.4645,140.8665,0.0000,0.0000
7/18/2009,15,828.8370,1070.0163,846.9662,132.7384,0.0000,0.0000
7/18/2009,16,664.4652,900.0493,794.4352,125.0094,0.0333,0.0000
7/18/2009,17,477.4247,689.3695,732.2915,114.6205,2.4833,0.5667
7/18/2009,18,286.9977,452.4472,599.7820,113.5593,17.8167,3.1667
7/18/2009,19,77.9219,206.1192,238.0478,57.5422,17.8333,7.2667
7/18/2009,20,-1.5088,15.8855,4.7532,-0.2297,-0.2833,-0.4833
7/18/2009,21,-5.2122,0.0000,-0.6019,-3.8836,-1.0000,-1.0000
7/18/2009,22,-4.7878,0.0000,-0.1044,-3.6686,-1.0000,-1.0000
7/18/2009,23,-5.0291,0.0000,-0.2585,-4.1153,-1.0000,-1.0000
7/19/2009,0,-5.5558,0.0000,-0.4771,-4.4573,-1.0000,-1.0000
7/19/2009,1,-4.9585,0.0000,-0.0495,-3.9704,-1.0000,-1.0000
7/19/2009,2,-3.5964,0.0000,-0.2931,-2.7895,-1.0000,-1.0000
7/19/2009,3,-4.2526,0.0000,-0.4433,-3.2864,-1.0000,-1.0000
7/19/2009,4,-5.7451,0.0000,-0.4575,-4.3491,-1.0000,-1.0000
7/19/2009,5,-1.3084,2.7150,6.2851,-0.8644,-1.0000,-1.0000
7/19/2009,6,67.5304,152.2946,302.7263,50.2580,9.9167,5.7667
7/19/2009,7,197.5602,397.8902,436.3039,76.2132,6.6833,4.4500
7/19/2009,8,482.5618,638.3763,746.2375,133.0453,19.4833,11.7333
7/19/2009,9,683.9457,856.1001,819.2250,150.5714,13.7833,8.0500
7/19/2009,10,658.7712,1036.0452,450.7300,300.5487,50.2167,34.1167
7/19/2009,11,353.7897,1165.8868,34.3081,322.2606,81.8167,55.7500
7/19/2009,12,281.1472,1236.7431,15.2406,267.9435,96.0667,71.5167
7/19/2009,13,714.2353,1243.7637,224.1253,499.0181,91.6333,67.3000
7/19/2009,14,701.3922,1186.4545,323.3092,406.0993,69.3500,43.1833
7/19/2009,15,751.8528,1068.7133,648.8728,209.2695,27.6500,16.0167
7/19/2009,16,343.8068,898.5663,191.4375,208.3220,70.5667,50.2833
7/19/2009,17,203.3121,687.6370,76.0805,159.2488,67.6500,47.0667
7/19/2009,18,95.5503,450.4136,66.1949,70.1980,82.8833,56.1000
7/19/2009,19,10.1359,203.7717,0.2272,8.3371,87.0167,65.9333
7/19/2009,20,0.5279,14.9690,0.2980,1.0696,2.9333,2.5000
7/19/2009,21,-1.8994,0.0000,0.8947,-1.7127,-1.0000,-1.0000
7/19/2009,22,-1.4962,0.0000,1.4061,-1.3292,-1.0000,-1.0000
7/19/2009,23,-2.5849,0.0000,-1.3162,-2.5949,-1.0000,-1.0000
7/20/2009,0,-2.1825,0.0000,0.1197,-1.6691,-1.0000,-1.0000
7/20/2009,1,-3.2369,0.0000,-0.4322,-2.4226,-1.0000,-1.0000
7/20/2009,2,-4.2832,0.0000,-0.0009,-3.4029,-1.0000,-1.0000
7/20/2009,3,-4.8761,0.0000,0.6323,-4.0493,-1.0000,-1.0000
7/20/2009,4,-5.0706,0.0000,-0.4711,-3.9839,-1.0000,-1.0000
7/20/2009,5,-3.3039,2.2787,5.3816,-2.3129,-1.0000,-1.0000
7/20/2009,6,83.5611,149.3625,403.6282,55.3195,10.3036,5.3214
7/20/2009,7,190.0820,395.2348,112.6144,165.0149,91.4833,73.2333
7/20/2009,8,250.1522,636.0593,54.6297,226.0052,89.6000,70.7000
7/20/2009,9,586.0777,854.1098,430.5287,288.8208,63.6667,37.5833
7/20/2009,10,927.4040,1034.3443,863.5643,233.8373,40.8667,24.6167
7/20/2009,11,1055.7687,1164.4169,929.6855,207.1162,25.6833,14.8000
7/20/2009,12,1089.8142,1235.4296,927.0880,197.1745,23.1167,12.9167
7/20/2009,13,717.1020,1242.5205,448.6553,274.0533,50.2000,35.9167
7/20/2009,14,602.8655,1185.1907,364.0897,248.5210,40.2333,27.3667
7/20/2009,15,485.6990,1067.3385,306.4327,236.4917,49.3667,30.7833
7/20/2009,16,407.0000,896.9979,376.0774,143.8799,37.2500,26.3333
7/20/2009,17,451.0588,685.8055,602.1648,151.5822,32.6667,19.8333
7/20/2009,18,266.9140,448.2691,614.1413,89.7915,11.9833,7.0833
7/20/2009,19,88.5806,201.3054,431.9650,49.8503,3.9167,3.0167
7/20/2009,20,1.3588,14.0405,6.3880,2.0923,0.1333,-0.1333
7/20/2009,21,-2.9344,0.0000,-0.4671,-2.2821,-1.0000,-1.0000
7/20/2009,22,-2.4543,0.0000,-5.0859,-1.7834,-1.0000,-1.0000
7/20/2009,23,-2.4410,0.0000,0.6818,-1.9652,-1.0000,-1.0000
7/21/2009,0,-2.0605,0.0000,0.8517,-1.6536,-1.0000,-1.0000
7/21/2009,1,-3.8555,0.0000,-0.3622,-2.9992,-1.0000,-1.0000
7/21/2009,2,-1.3130,0.0000,0.2428,-1.0131,-1.0000,-1.0000
7/21/2009,3,-1.6089,0.0000,0.2785,-1.2394,-1.0000,-1.0000
7/21/2009,4,-3.8858,0.0000,0.0053,-3.2707,-1.0000,-1.0000
7/21/2009,5,-0.4761,1.8737,0.9577,-0.3626,-1.0000,-1.0000
7/21/2009,6,72.0971,146.3857,120.2329,64.0375,23.5500,15.2000
7/21/2009,7,245.6158,392.5407,213.7318,197.4608,79.6000,53.8167
7/21/2009,8,216.5785,633.7106,46.8878,199.2602,95.9833,84.4500
7/21/2009,9,267.4167,852.0917,20.9179,253.6109,99.2667,85.5167
7/21/2009,10,372.6497,1032.6158,23.2321,356.4285,99.2667,81.3333
7/21/2009,11,354.6320,1162.9161,2.9096,354.6294,97.9833,73.5500
7/21/2009,12,443.2507,1234.0784,6.7130,439.6862,98.1500,75.1833
7/21/2009,13,499.6632,1241.2301,17.7803,489.7574,98.1000,77.7333
7/21/2009,14,673.2017,1183.8677,152.3511,528.3191,76.4500,46.4833
7/21/2009,15,464.9965,1065.8912,123.9759,353.6812,70.0167,46.6667
7/21/2009,16,279.7660,895.3433,77.2952,219.4070,64.9167,43.0500
7/21/2009,17,257.9543,683.8744,93.8032,206.4288,59.0667,39.2833
7/21/2009,18,187.7190,446.0133,289.8316,100.7763,12.7333,7.7667
7/21/2009,19,51.1958,198.7197,64.9763,44.7431,13.8667,9.6000
7/21/2009,20,1.2744,13.1089,-0.3098,1.6896,-0.6833,-0.7667
7/21/2009,21,-4.2232,0.0000,-1.0885,-3.1550,-1.0000,-1.0000
7/21/2009,22,-3.6059,0.0000,-0.1686,-2.8536,-1.0000,-1.0000
7/21/2009,23,-2.3922,0.0000,0.3433,-1.8705,-1.0000,-1.0000
7/22/2009,0,-2.9565,0.0000,-0.0191,-2.3612,-1.0000,-1.0000
7/22/2009,1,-4.2790,0.0000,-0.5603,-3.3596,-1.0000,-1.0000
7/22/2009,2,-3.3013,0.0000,0.1757,-2.5874,-1.0000,-1.0000
7/22/2009,3,-4.1780,0.0000,-0.2831,-3.5829,-1.0000,-1.0000
7/22/2009,4,-4.3742,0.0000,-0.2452,-3.6609,-1.0000,-1.0000
7/22/2009,5,-2.4304,1.5025,0.4357,-1.9666,-1.0000,-1.0000
7/22/2009,6,49.7452,143.3662,118.5466,44.3374,26.7500,15.0167
7/22/2009,7,240.3013,389.8095,437.7709,122.7840,44.2833,24.2500
7/22/2009,8,358.9915,631.3315,408.6456,169.2963,33.5000,20.1333
7/22/2009,9,647.5220,850.0466,852.2238,96.0331,2.9000,2.2333
7/22/2009,10,818.4995,1030.8601,891.2862,106.6302,2.1552,1.5172
7/22/2009,11,948.3712,1161.3844,908.7140,120.5496,2.7833,1.6000
7/22/2009,12,1011.5510,1232.6892,905.4902,131.4965,1.4000,0.9000
7/22/2009,13,1005.8085,1239.8918,886.1440,144.4336,1.3833,0.7333
7/22/2009,14,961.9518,1182.4845,882.2992,150.6019,3.3000,1.7167
7/22/2009,15,611.2092,1064.3706,476.5410,207.7129,38.3667,26.9000
7/22/2009,16,479.6172,893.6013,404.1214,216.3327,64.5333,43.3833
7/22/2009,17,478.1287,681.8429,734.9138,116.5634,11.5000,6.3833
7/22/2009,18,149.7884,443.6453,300.4244,73.4323,14.3636,9.5455
7/22/2009,19,86.7505,196.0146,414.3175,50.7039,-1.0000,-1.0000
7/22/2009,20,-2.5425,12.1692,3.0655,-1.5561,-1.0000,-1.0000
7/22/2009,21,-6.2107,0.0000,-1.0185,-5.2883,-1.0000,-1.0000
7/22/2009,22,-5.2454,0.0000,-0.8531,-4.4668,-1.0000,-1.0000
7/22/2009,23,-4.1896,0.0000,-0.0453,-3.6488,-1.0000,-1.0000
7/23/2009,0,-3.9040,0.0000,-0.1914,-3.4361,-1.0000,-1.0000
7/23/2009,1,-3.8704,0.0000,-0.2090,-3.3262,-1.0000,-1.0000
7/23/2009,2,-4.3797,0.0000,-0.6109,-3.7275,-1.0000,-1.0000
7/23/2009,3,-3.6520,0.0000,-0.1357,-2.8263,-1.0000,-1.0000
7/23/2009,4,-4.1188,0.0000,0.3829,-3.4196,-1.0000,-1.0000
7/23/2009,5,-3.9428,1.1671,1.2761,-3.1294,-1.0000,-1.0000
7/23/2009,6,31.0867,140.3064,35.7707,29.4858,11.3333,6.5000
7/23/2009,7,221.4179,387.0430,532.5141,79.6478,5.9333,3.4833
7/23/2009,8,406.8227,628.9231,624.9382,115.0328,12.8000,8.1167
7/23/2009,9,644.4333,847.9751,876.4123,81.4309,1.0167,1.0000
7/23/2009,10,685.4215,1029.0775,691.7936,147.3801,26.6667,18.5667
7/23/2009,11,806.9002,1159.8215,616.6027,237.3478,34.6000,21.1667
7/23/2009,12,693.6188,1231.2613,430.2133,260.9319,33.3929,21.5357
7/23/2009,13,817.7965,1238.5044,559.8556,260.4093,36.6333,25.2833
7/23/2009,14,941.0407,1181.0402,799.3660,208.2472,17.8833,8.8167
7/23/2009,15,834.0693,1062.7751,740.1972,232.0568,34.6167,18.9667
7/23/2009,16,510.7898,891.7709,525.0614,165.9405,30.1333,20.8167
7/23/2009,17,472.4607,679.7098,788.4223,85.8407,0.8333,0.3167
7/23/2009,18,252.3022,441.1647,561.5743,92.7168,13.4500,6.9667
7/23/2009,19,63.9437,193.1901,186.0356,46.5660,24.1833,15.2333
7/23/2009,20,-2.7614,11.2270,2.5706,-2.0688,-0.7667,-0.8500
7/23/2009,21,-5.2350,0.0000,-1.3614,-4.3125,-1.0000,-1.0000
7/23/2009,22,-5.8538,0.0000,-1.3880,-4.6961,-1.0000,-1.0000
7/23/2009,23,-4.1107,0.0000,-0.5699,-3.4272,-1.0000,-1.0000
7/24/2009,0,-4.4011,0.0000,-0.8656,-3.6560,-1.0000,-1.0000
7/24/2009,1,-4.8441,0.0000,-0.8064,-4.2181,-1.0000,-1.0000
7/24/2009,2,-4.7580,0.0000,-1.0654,-4.1719,-1.0000,-1.0000
7/24/2009,3,-3.9612,0.0000,-0.7616,-3.4254,-1.0000,-1.0000
7/24/2009,4,-3.5455,0.0000,-0.4042,-2.9408,-1.0000,-1.0000
7/24/2009,5,-2.5649,0.8693,-0.6851,-1.7415,-1.0000,-1.0000
7/24/2009,6,64.4562,137.2085,356.4130,42.7408,1.4000,1.3500
7/24/2009,7,239.6760,384.2423,662.8265,74.7134,2.9000,2.0000
7/24/2009,8,449.7488,626.4864,818.7857,77.1137,2.1000,1.3500
7/24/2009,9,647.5960,845.8777,886.2745,80.2518,1.4167,1.4000
7/24/2009,10,824.1163,1027.2677,927.6095,88.7776,1.0000,1.0000
7/24/2009,11,947.7495,1158.2268,935.8617,100.3567,0.9333,0.9333
7/24/2009,12,1022.2867,1229.7937,936.3612,117.3516,1.6167,1.1000
7/24/2009,13,962.5825,1237.0669,813.8817,166.7274,6.3500,3.0667
7/24/2009,14,631.8113,1179.5332,322.4908,315.6850,42.0000,23.9500
7/24/2009,15,738.8545,1061.1036,582.6830,246.5554,31.6000,15.2833
7/24/2009,16,703.2083,889.8508,794.4192,175.9158,14.1667,3.7000
7/24/2009,17,509.0810,677.4744,771.8765,137.7612,18.7667,7.2667
7/24/2009,18,178.3512,438.5706,224.3319,103.7631,40.7000,27.6167
7/24/2009,19,37.9183,190.2461,22.7153,37.5803,33.2833,25.4500
7/24/2009,20,-2.6833,10.2878,2.5082,-2.0322,-0.8000,-0.8333
7/24/2009,21,-5.1528,0.0000,-1.3077,-4.2935,-1.0000,-1.0000
7/24/2009,22,-3.9517,0.0000,-0.5142,-3.3132,-1.0000,-1.0000
7/24/2009,23,-4.0683,0.0000,-2.2304,-3.3843,-1.0000,-1.0000
7/25/2009,0,-3.6694,0.0000,-0.9201,-2.9239,-1.0000,-1.0000
7/25/2009,1,-4.0530,0.0000,-1.6139,-3.2234,-1.0000,-1.0000
7/25/2009,2,-3.3566,0.0000,-0.3540,-2.7061,-1.0000,-1.0000
7/25/2009,3,-4.1724,0.0000,-0.8008,-3.3939,-1.0000,-1.0000
7/25/2009,4,-4.6221,0.0000,-0.4651,-3.7937,-1.0000,-1.0000
7/25/2009,5,-2.7810,0.6183,-0.3325,-2.1829,-1.0000,-1.0000
7/25/2009,6,29.9940,134.0744,47.2262,29.9403,24.7167,12.9167
7/25/2009,7,102.4095,381.4086,3.2740,102.4095,75.9167,51.6167
7/25/2009,8,310.8032,624.0219,277.9138,168.7767,48.8333,37.8833
7/25/2009,9,539.0887,843.7546,422.9302,262.3119,45.2000,28.3833
7/25/2009,10,682.5360,1025.4304,542.5706,209.3083,15.4667,8.6167
7/25/2009,11,904.2090,1156.5995,803.8003,171.7205,5.9286,2.1071
7/25/2009,12,824.2157,1228.2855,457.0189,361.9523,31.4833,11.7000
7/25/2009,13,785.0150,1235.5781,443.2568,335.9638,34.8167,17.6833
7/25/2009,14,227.6284,1177.9623,11.1466,214.1053,79.4500,42.8833
7/25/2009,15,179.8916,1059.3546,10.8156,169.2054,94.3333,64.5333
7/25/2009,16,94.2301,887.8398,-3.2031,93.9122,97.0500,70.3000
7/25/2009,17,244.0140,675.1355,64.6784,205.2655,88.4500,65.6833
7/25/2009,18,33.9154,435.8627,-2.0165,33.9154,96.0500,73.5833
7/25/2009,19,17.8889,187.1828,-2.3473,17.5913,71.7667,41.0667
7/25/2009,20,0.7666,9.3632,0.3685,0.3519,-1.0000,-1.0000
7/25/2009,21,-0.0538,0.0000,1.4985,-0.6584,-1.0000,-1.0000
7/25/2009,22,-0.8423,0.0000,1.6408,-1.2089,-1.0000,-1.0000
7/25/2009,23,-1.6724,0.0000,1.6064,-2.0497,-1.0000,-1.0000
7/26/2009,0,-1.9663,0.0000,1.7638,-2.5472,-1.0000,-1.0000
7/26/2009,1,-2.0295,0.0000,1.0857,-2.0556,-1.0000,-1.0000
7/26/2009,2,-1.0380,0.0000,0.6349,-1.1323,-1.0000,-1.0000
7/26/2009,3,-2.1392,0.0000,-1.1370,-1.7759,-1.0000,-1.0000
7/26/2009,4,-2.7466,0.0000,-0.2290,-2.0552,-1.0000,-1.0000
7/26/2009,5,-1.0230,0.4082,0.9258,-0.5353,-1.0000,-1.0000
7/26/2009,6,56.7611,130.9059,107.4503,53.3042,58.8500,44.0833
7/26/2009,7,136.3726,378.5431,42.0146,128.1010,95.6167,81.9500
7/26/2009,8,320.6993,621.5301,146.6669,250.9671,75.4500,57.8500
7/26/2009,9,608.2293,841.6055,541.9472,247.3789,44.6500,25.4500
7/26/2009,10,680.3520,1023.5652,231.1818,483.4786,82.6167,56.7500
7/26/2009,11,571.3822,1154.9387,52.4772,521.6399,86.8929,57.3214
7/26/2009,12,916.8910,1226.7351,535.3018,367.5449,51.3667,30.0667
7/26/2009,13,126.8201,1234.0360,-1.9992,125.4651,93.2333,57.8667
7/26/2009,14,53.6581,1176.3257,-5.6649,53.5966,90.0167,43.9500
7/26/2009,15,127.0492,1057.5266,3.0273,127.0492,98.7333,73.2500
7/26/2009,16,165.0768,885.7365,2.7378,165.0768,99.2833,87.4667
7/26/2009,17,177.0525,672.6923,3.5614,177.0525,98.7167,90.1667
7/26/2009,18,127.0809,433.0403,0.8028,127.0809,97.9500,86.9833
7/26/2009,19,40.2153,184.0004,-1.6138,40.2153,50.1667,23.2333
7/26/2009,20,-1.9982,8.4535,-1.4583,-1.4563,-1.0000,-1.0000
7/26/2009,21,-3.8214,0.0000,-0.4619,-3.1408,-1.0000,-1.0000
7/26/2009,22,-3.5450,0.0000,-0.3808,-2.8873,-1.0000,-1.0000
7/26/2009,23,-3.1601,0.0000,-0.0180,-2.5630,-1.0000,-1.0000
7/27/2009,0,-3.6793,0.0000,-0.3782,-3.0176,-1.0000,-1.0000
7/27/2009,1,-2.9702,0.0000,0.2168,-2.3815,-1.0000,-1.0000
7/27/2009,2,-3.0870,0.0000,0.2434,-2.6066,-1.0000,-1.0000
7/27/2009,3,-4.0224,0.0000,0.1532,-3.3938,-1.0000,-1.0000
7/27/2009,4,-3.7633,0.0000,-0.1603,-3.2287,-1.0000,-1.0000
7/27/2009,5,-2.2927,0.2401,-0.1195,-1.6862,-1.0000,-1.0000
7/27/2009,6,58.4608,127.7051,343.6245,37.6763,0.4833,0.4833
7/27/2009,7,230.9590,375.6467,651.1908,70.8749,1.7667,1.4333
7/27/2009,8,437.1790,619.0116,789.7297,79.1278,1.7833,1.1833
7/27/2009,9,634.4658,839.4304,863.1302,81.2605,1.0000,1.0000
7/27/2009,10,809.7507,1021.6713,911.6993,85.6862,1.0000,1.0000
7/27/2009,11,852.5262,1153.2433,820.1719,111.9771,7.1333,3.7667
7/27/2009,12,879.4408,1225.1413,712.6912,191.0454,18.9833,8.8333
7/27/2009,13,1023.3818,1232.4393,806.7975,256.9563,28.2833,14.2333
7/27/2009,14,927.5872,1174.6219,778.1594,223.3480,27.3167,16.4333
7/27/2009,15,301.9914,1055.6181,60.4157,238.3007,91.5833,67.5833
7/27/2009,16,331.1690,883.5397,83.0910,276.4765,91.6333,66.5000
7/27/2009,17,194.9093,670.1438,8.8534,194.1228,94.9500,73.4167
7/27/2009,18,73.7973,430.1033,-1.4021,73.7973,92.9167,71.9167
7/27/2009,19,-0.8897,180.6995,-3.9181,-1.7743,80.1167,65.2833
7/27/2009,20,1.4313,7.5620,2.0148,1.2618,-1.0000,-1.0000
7/27/2009,21,0.4407,0.0000,2.5952,0.0645,-1.0000,-1.0000
7/27/2009,22,0.9717,0.0000,1.6343,0.1260,-1.0000,-1.0000
7/27/2009,23,0.0432,0.0000,0.6196,-0.6164,-1.0000,-1.0000
7/28/2009,0,1.3616,0.0000,1.0465,0.2116,-1.0000,-1.0000
7/28/2009,1,0.4699,0.0000,0.7191,-1.8958,-1.0000,-1.0000
7/28/2009,2,-2.8803,0.0000,1.9055,-3.8396,-1.0000,-1.0000
7/28/2009,3,-3.4925,0.0000,-0.3725,-3.4780,-1.0000,-1.0000
7/28/2009,4,-2.7859,0.0000,0.0682,-2.8385,-1.0000,-1.0000
7/28/2009,5,-3.1232,0.1153,-0.1566,-2.8702,-1.0000,-1.0000
7/28/2009,6,50.7201,124.4738,233.7071,33.9896,1.3000,1.0000
7/28/2009,7,231.3532,372.7202,615.9628,79.5035,4.0333,2.9000
7/28/2009,8,355.8613,616.4666,377.9575,210.0731,44.1333,34.5500
7/28/2009,9,331.3205,837.2292,84.3119,283.0591,96.4167,82.5000
7/28/2009,10,242.0918,1019.7480,1.4675,242.0918,98.8333,77.0500
7/28/2009,11,221.3728,1151.5121,1.8004,221.0684,95.7667,61.5167
7/28/2009,12,311.8565,1223.5024,6.4031,309.4575,94.9667,57.5000
7/28/2009,13,336.8132,1230.7865,8.6373,330.6542,95.8667,64.6167
7/28/2009,14,496.7340,1172.8490,158.1072,354.5789,63.1667,36.8000
7/28/2009,15,331.6342,1053.6276,9.1367,327.3011,88.2500,60.0000
7/28/2009,16,273.0488,881.2484,61.4361,234.7598,87.9167,61.0333
7/28/2009,17,101.3673,667.4894,-0.4642,101.3673,96.0500,78.6000
7/28/2009,18,72.8476,427.0512,-1.5531,72.8476,94.1667,71.5000
7/28/2009,19,31.9918,177.2807,-2.0139,31.9918,45.9333,30.9500
7/28/2009,20,-1.4490,6.6944,-1.0522,-1.0262,-1.0000,-1.0000
7/28/2009,21,-1.8366,0.0000,1.1159,-1.5984,-1.0000,-1.0000
7/28/2009,22,-2.5931,0.0000,-0.5998,-2.1960,-1.0000,-1.0000
7/28/2009,23,-3.5188,0.0000,-1.2483,-2.8070,-1.0000,-1.0000
7/29/2009,0,-3.8977,0.0000,0.0231,-3.1302,-1.0000,-1.0000
7/29/2009,1,-3.0761,0.0000,0.3193,-2.3387,-1.0000,-1.0000
7/29/2009,2,-2.1175,0.0000,0.7939,-1.7076,-1.0000,-1.0000
7/29/2009,3,-1.0231,0.0000,1.0968,-0.8326,-1.0000,-1.0000
7/29/2009,4,-2.6762,0.0000,0.7491,-2.2913,-1.0000,-1.0000
7/29/2009,5,-3.0006,0.0349,-0.5656,-2.6533,-1.0000,-1.0000
7/29/2009,6,39.7556,121.2137,38.9274,37.0307,30.3333,21.6333
7/29/2009,7,192.8846,369.7644,289.7534,134.4202,57.4333,43.4833
7/29/2009,8,248.0798,613.8951,126.5423,183.2468,65.4833,51.1667
7/29/2009,9,538.4662,835.0011,608.2969,169.4656,23.5833,18.1833
7/29/2009,10,464.9840,1017.7943,136.9170,366.0074,91.2667,67.0167
7/29/2009,11,327.8898,1149.7436,36.7071,287.7508,89.4500,48.0833
7/29/2009,12,147.3027,1221.8171,-0.9145,147.2229,91.0833,47.1667
7/29/2009,13,200.4712,1229.0758,14.7803,189.4749,89.5333,47.4333
7/29/2009,14,296.5435,1171.0059,5.7686,294.6339,89.1667,52.1333
7/29/2009,15,103.8623,1051.5535,-0.2574,103.8616,94.6833,53.9333
7/29/2009,16,37.5519,878.8612,-4.4403,37.5460,96.7000,55.0000
7/29/2009,17,35.7684,664.7283,0.2800,35.7678,94.5833,52.7167
7/29/2009,18,23.1244,423.8839,0.3775,23.0639,86.8833,61.7000
7/29/2009,19,14.7777,173.7448,1.0599,14.7553,57.8167,29.4667
7/29/2009,20,0.1586,5.8560,2.0946,-0.0130,-1.0000,-1.0000
7/29/2009,21,-0.3215,0.0000,1.2682,-0.4480,-1.0000,-1.0000
7/29/2009,22,-0.3322,0.0000,1.2647,-0.2967,-1.0000,-1.0000
7/29/2009,23,-0.1403,0.0000,1.1638,-0.3619,-1.0000,-1.0000
7/30/2009,0,-0.2318,0.0000,0.7895,-0.2604,-1.0000,-1.0000
7/30/2009,1,-0.2872,0.0000,-0.1566,-0.4290,-1.0000,-1.0000
7/30/2009,2,-0.2940,0.0000,0.8191,-0.3310,-1.0000,-1.0000
7/30/2009,3,-0.2658,0.0000,0.8683,-0.2373,-1.0000,-1.0000
7/30/2009,4,-0.2005,0.0000,1.3125,-0.3288,-1.0000,-1.0000
7/30/2009,5,0.1856,0.0000,1.5478,-0.0604,-1.0000,-1.0000
7/30/2009,6,20.2250,117.9263,1.8684,20.2033,42.8833,33.3833
7/30/2009,7,61.0377,366.7799,1.7907,61.0377,96.1333,74.9000
7/30/2009,8,124.9521,611.2973,3.2724,124.9512,95.7333,74.0667
7/30/2009,9,205.8003,832.7459,6.0853,205.3666,97.7333,72.4333
7/30/2009,10,215.3683,1015.8093,4.1074,215.3683,98.9500,74.6000
7/30/2009,11,222.5813,1147.9369,3.7530,222.5813,96.4500,58.7833
7/30/2009,12,139.7721,1220.0837,-1.2286,139.7721,90.6000,42.7667
7/30/2009,13,342.9953,1227.3056,6.8469,340.0134,93.2333,49.7833
7/30/2009,14,634.7247,1169.0906,176.3932,479.7797,91.6500,62.1833
7/30/2009,15,524.1408,1049.3950,146.0691,412.3103,82.1000,61.1667
7/30/2009,16,336.0502,876.3774,103.9233,276.8244,90.4667,74.2167
7/30/2009,17,390.3212,661.8601,313.2071,255.2892,67.1000,49.3333
7/30/2009,18,146.9374,420.6017,29.7867,139.3317,85.1607,67.6250
7/30/2009,19,41.1292,170.0927,0.0509,40.9087,44.7667,25.8333
7/30/2009,20,0.1037,5.0524,0.6841,-0.2644,-1.0000,-1.0000
7/30/2009,21,-0.8497,0.0000,1.6714,-1.0555,-1.0000,-1.0000
7/30/2009,22,-2.9217,0.0000,0.2285,-3.0309,-1.0000,-1.0000
7/30/2009,23,-3.1104,0.0000,0.4962,-3.2721,-1.0000,-1.0000
7/31/2009,0,-3.0289,0.0000,0.1463,-3.3067,-1.0000,-1.0000
7/31/2009,1,-3.9254,0.0000,0.3469,-3.5040,-1.0000,-1.0000
7/31/2009,2,-3.6321,0.0000,0.1055,-3.1932,-1.0000,-1.0000
7/31/2009,3,-3.4323,0.0000,0.3896,-2.6950,-1.0000,-1.0000
7/31/2009,4,-1.8399,0.0000,1.6377,-1.6465,-1.0000,-1.0000
7/31/2009,5,-0.3420,0.0000,-0.1972,-1.7851,-1.0000,-1.0000
7/31/2009,6,77.3639,114.6249,281.6889,63.3895,13.4333,3.8000
7/31/2009,7,298.7385,363.7671,600.4058,162.4327,44.6833,8.8500
7/31/2009,8,435.3978,608.6731,652.9400,140.7781,22.7333,8.1000
7/31/2009,9,651.0323,830.4631,826.1012,142.4086,18.2667,7.5667
7/31/2009,10,876.2773,1013.7922,838.2085,229.8407,39.2500,23.8000
7/31/2009,11,588.8180,1146.0907,171.2785,432.1466,79.8333,49.7500
7/31/2009,12,531.8793,1218.3011,115.4778,424.7623,83.9500,50.8833
7/31/2009,13,355.2590,1225.4745,83.8776,272.0259,89.1333,53.6500
7/31/2009,14,375.1385,1167.1022,15.9468,361.3645,95.1500,61.5833
7/31/2009,15,466.0870,1047.1505,83.1391,409.4660,97.9500,68.5000
7/31/2009,16,284.1578,873.7961,20.1587,273.0249,95.1000,70.4667
7/31/2009,17,102.3267,658.8845,-4.1569,102.3267,93.3333,66.3500
7/31/2009,18,61.5917,417.2044,-0.7336,61.5917,94.5714,66.6964
7/31/2009,19,69.6053,166.3258,165.0220,56.6460,54.4500,25.8833
7/31/2009,20,-1.0094,4.2888,-0.3651,-0.7616,-1.0000,-1.0000
7/31/2009,21,-1.1272,0.0000,-1.4569,-1.9482,-1.0000,-1.0000
7/31/2009,22,-0.6505,0.0000,2.6392,-1.5349,-1.0000,-1.0000
7/31/2009,23,-1.2731,0.0000,1.7523,-2.3445,-1.0000,-1.0000
8/1/2009,0,-2.8240,0.0000,0.0940,-3.1428,-1.0000,-1.0000
8/1/2009,1,-3.0188,0.0000,0.0733,-3.1092,-1.0000,-1.0000
8/1/2009,2,-2.8278,0.0000,-0.3556,-2.6258,-1.0000,-1.0000
8/1/2009,3,-2.2726,0.0000,-0.0644,-2.2384,-1.0000,-1.0000
8/1/2009,4,0.3706,0.0000,1.2053,0.0124,-1.0000,-1.0000
8/1/2009,5,0.9966,0.0000,1.2950,0.2979,-1.0000,-1.0000
8/1/2009,6,27.1515,111.3467,42.2365,23.2295,10.8000,5.8000
8/1/2009,7,219.8403,360.7269,614.2148,73.7355,4.0500,3.0333
8/1/2009,8,428.5705,606.0227,782.5728,81.3223,3.1167,2.1167
8/1/2009,9,637.9680,828.1521,878.5820,83.8638,1.0500,1.0000
8/1/2009,10,812.3715,1011.7422,929.5573,85.6624,1.0000,1.0000
8/1/2009,11,943.2610,1144.2037,959.5423,86.2160,0.4833,0.4833
8/1/2009,12,1015.3930,1216.4676,968.4358,90.8354,0.0000,0.0000
8/1/2009,13,1013.4653,1223.5810,958.9975,94.7033,0.0000,0.0000
8/1/2009,14,951.5522,1165.0389,949.0187,93.2487,0.0000,0.0000
8/1/2009,15,826.0865,1044.8193,916.1393,91.2202,0.0000,0.0000
8/1/2009,16,647.3180,871.1166,850.1958,88.3561,0.0000,0.0000
8/1/2009,17,446.6472,655.8011,776.0945,81.1580,1.4333,0.7500
8/1/2009,18,238.2140,413.6925,628.9008,71.4158,3.3667,2.3667
8/1/2009,19,62.6388,162.4453,328.3462,38.6138,2.2000,1.7333
8/1/2009,20,-4.1277,3.5706,-2.0886,-3.0463,-1.0000,-1.0000
8/1/2009,21,-5.3006,0.0000,-1.0782,-4.2216,-1.0000,-1.0000
8/1/2009,22,-4.2322,0.0000,-0.3182,-3.4752,-1.0000,-1.0000
8/1/2009,23,-3.7300,0.0000,-0.1492,-3.0749,-1.0000,-1.0000
8/2/2009,0,-4.2262,0.0000,-0.7545,-3.5893,-1.0000,-1.0000
8/2/2009,1,-4.5868,0.0000,-1.1147,-3.7135,-1.0000,-1.0000
8/2/2009,2,-3.1176,0.0000,0.5990,-2.6648,-1.0000,-1.0000
8/2/2009,3,-4.5512,0.0000,-1.1853,-3.6535,-1.0000,-1.0000
8/2/2009,4,-3.6825,0.0000,0.1070,-2.9112,-1.0000,-1.0000
8/2/2009,5,-3.7465,0.0000,-0.4275,-2.9867,-1.0000,-1.0000
8/2/2009,6,47.7904,108.0937,273.6497,34.6136,0.8000,0.8000
8/2/2009,7,218.3453,357.6595,625.3960,76.3339,2.7167,2.0000
8/2/2009,8,427.2135,603.3458,789.1138,83.2469,2.3333,1.4167
8/2/2009,9,627.6460,825.8125,875.1440,85.5061,1.0000,1.0000
8/2/2009,10,802.1870,1009.6582,905.5228,97.5258,1.0333,1.0000
8/2/2009,11,925.7377,1142.2748,883.5435,142.3547,5.5167,3.0167
8/2/2009,12,901.0415,1214.5822,748.9745,193.4529,13.5333,7.1333
8/2/2009,13,870.4040,1221.6241,656.2149,223.6839,22.8000,13.0500
8/2/2009,14,916.7150,1162.9001,811.6823,177.9307,13.0000,7.0667
8/2/2009,15,709.2687,1042.4003,672.1322,164.9417,16.9333,10.5333
8/2/2009,16,652.0775,868.3384,752.7743,160.5048,22.1000,13.3167
8/2/2009,17,457.7178,652.6098,714.7394,123.2463,22.0000,14.3214
8/2/2009,18,182.2646,410.0663,356.1090,87.1742,20.2500,11.9167
8/2/2009,19,72.4936,158.4526,317.2481,49.3837,12.7500,6.1333
8/2/2009,20,-3.5160,2.9028,-1.2073,-2.6836,-1.0000,-1.0000
8/2/2009,21,-6.1511,0.0000,-1.5080,-4.7612,-1.0000,-1.0000
8/2/2009,22,-5.0092,0.0000,-1.3808,-4.1061,-1.0000,-1.0000
8/2/2009,23,-4.9118,0.0000,-1.2333,-3.9763,-1.0000,-1.0000
8/3/2009,0,-4.6725,0.0000,-1.0123,-3.8084,-1.0000,-1.0000
8/3/2009,1,-4.1945,0.0000,-0.7249,-3.4859,-1.0000,-1.0000
8/3/2009,2,-3.7537,0.0000,-0.3105,-3.0053,-1.0000,-1.0000
8/3/2009,3,-3.8113,0.0000,-0.8116,-3.0210,-1.0000,-1.0000
8/3/2009,4,-3.8581,0.0000,-0.6723,-2.8929,-1.0000,-1.0000
8/3/2009,5,-2.7537,0.0000,-0.2032,-2.1050,-1.0000,-1.0000
8/3/2009,6,45.1727,104.8720,252.7337,33.8655,0.8333,0.8167
8/3/2009,7,200.5707,354.5654,533.9065,75.7696,4.2167,2.9500
8/3/2009,8,381.8642,600.6427,661.1970,91.5008,4.9167,3.4333
8/3/2009,9,617.3475,823.4439,853.9273,93.7948,1.8000,1.4500
8/3/2009,10,833.5372,1007.5395,887.3437,147.3585,12.5667,7.4500
8/3/2009,11,572.6222,1140.3029,329.2345,269.2265,49.9333,32.7000
8/3/2009,12,779.1092,1212.6436,543.5664,254.5508,31.0667,17.5000
8/3/2009,13,869.1862,1219.6024,597.3049,279.7948,32.3667,18.0667
8/3/2009,14,349.5492,1160.6842,122.7356,230.5088,75.8000,53.4000
8/3/2009,15,134.8558,1039.8925,6.5730,122.9689,95.3167,66.3000
8/3/2009,16,262.9270,865.4608,32.9626,242.3197,97.3333,80.4833
8/3/2009,17,148.9885,649.3106,3.4165,148.3542,97.2167,87.2000
8/3/2009,18,185.0025,406.3261,254.1402,119.7520,50.9667,31.7167
8/3/2009,19,59.5548,154.3493,249.7681,41.7537,10.0000,4.4000
8/3/2009,20,-5.5730,2.2904,-263.0806,-4.8743,-1.0000,-1.0000
8/3/2009,21,-5.5568,0.0000,-270.0683,-4.7863,-1.0000,-1.0000
8/3/2009,22,-3.7242,0.0000,-267.3060,-3.0539,-1.0000,-1.0000
8/3/2009,23,-4.4609,0.0000,-286.3672,-3.5331,-1.0000,-1.0000
8/4/2009,0,-5.0101,0.0000,-322.5390,-3.8648,-1.0000,-1.0000
8/4/2009,1,-4.0559,0.0000,-349.2588,-3.3417,-1.0000,-1.0000
8/4/2009,2,-4.5100,0.0000,-361.4968,-3.9714,-1.0000,-1.0000
8/4/2009,3,-4.1775,0.0000,-342.6960,-3.6849,-1.0000,-1.0000
8/4/2009,4,-3.2296,0.0000,-340.6093,-2.8191,-1.0000,-1.0000
8/4/2009,5,-2.9157,0.0000,-336.8455,-2.4189,-1.0000,-1.0000
8/4/2009,6,42.7018,101.6805,120.6801,37.9032,5.0333,2.5167
8/4/2009,7,189.1231,351.4449,444.7510,84.2259,10.4167,4.9500
8/4/2009,8,418.6448,597.9129,771.6487,83.7647,2.1833,1.6167
8/4/2009,9,611.7573,821.0458,855.0008,117.2207,4.4333,2.4667
8/4/2009,10,788.5915,1005.3852,1279.4650,105.9515,2.2667,1.2500
8/4/2009,11,931.5392,1138.2871,1357.6840,136.1705,3.9000,1.8333
8/4/2009,12,885.3447,1210.6508,770.9062,313.0405,38.6333,18.0667
8/4/2009,13,924.5227,1217.5148,919.0313,323.1562,43.4167,21.7833
8/4/2009,14,497.7725,1158.3906,233.9063,312.5876,86.8833,65.6500
8/4/2009,15,366.8032,1037.2955,-23.3600,345.8136,99.0667,88.3333
8/4/2009,16,415.0288,862.4838,298.5593,269.4561,72.6667,53.9000
8/4/2009,17,324.3552,645.9036,459.3520,162.8848,48.6833,25.4333
8/4/2009,18,116.5881,402.4727,36.0738,107.0183,88.4667,59.1000
8/4/2009,19,50.9071,150.1375,-113.4747,44.5204,30.9167,8.0000
8/4/2009,20,-4.7311,1.7382,-69.8892,-3.7121,-1.0000,-1.0000
8/4/2009,21,-5.0718,0.0000,-1.5325,-4.0996,-1.0000,-1.0000
8/4/2009,22,-4.2444,0.0000,-7.0043,-3.3824,-1.0000,-1.0000
8/4/2009,23,-4.9853,0.0000,-3.6054,-4.2299,-1.0000,-1.0000
8/5/2009,0,-4.2480,0.0000,-4.2093,-3.6195,-1.0000,-1.0000
8/5/2009,1,-4.9145,0.0000,-2.9662,-3.8228,-1.0000,-1.0000
8/5/2009,2,-3.7597,0.0000,-3.1837,-2.8213,-1.0000,-1.0000
8/5/2009,3,-3.5786,0.0000,0.6383,-2.7518,-1.0000,-1.0000
8/5/2009,4,-4.4337,0.0000,-0.9220,-3.5621,-1.0000,-1.0000
8/5/2009,5,-4.3234,0.0000,-1.1512,-3.3747,-1.0000,-1.0000
8/5/2009,6,42.6063,98.5200,177.8623,32.2644,3.3833,1.6667
8/5/2009,7,166.4908,348.2986,345.7052,76.2056,12.4000,5.4000
8/5/2009,8,418.3240,595.1568,714.0477,106.5553,5.8929,4.0714
8/5/2009,9,631.3012,818.6177,926.3613,87.0376,4.7667,4.0000
8/5/2009,10,794.5672,1003.1948,1156.3183,80.1920,1.0000,1.0000
8/5/2009,11,922.8162,1136.2264,1189.7150,118.0465,0.7167,0.6500
8/5/2009,12,952.7595,1208.6024,819.6508,175.8748,3.3500,1.4000
8/5/2009,13,951.6125,1215.3603,1059.5699,199.4557,14.2619,8.2381
8/5/2009,14,811.8283,1156.0185,819.6725,227.2047,35.3243,23.2703
8/5/2009,15,558.7700,1034.6085,473.7963,246.1026,42.2667,27.3000
8/5/2009,16,618.6682,859.4069,1072.5542,103.4589,2.8667,1.3667
8/5/2009,17,400.5288,642.3889,744.2934,118.5587,13.8833,8.1833
8/5/2009,18,234.8290,398.5066,613.9987,99.8518,19.6833,12.1667
8/5/2009,19,58.2200,145.8191,236.9392,49.2002,34.4667,22.5000
8/5/2009,20,-5.7619,1.2536,-61.6833,-5.5960,-1.0000,-1.0000
8/5/2009,21,1.4686,0.0000,399.8175,-0.1787,-1.0000,-1.0000
8/5/2009,22,2.8703,0.0000,99.0871,0.5510,-1.0000,-1.0000
8/5/2009,23,-2.7363,0.0000,-59.5850,-3.3152,-1.0000,-1.0000
8/6/2009,0,-2.4029,0.0000,-154.5703,-2.2053,-1.0000,-1.0000
8/6/2009,1,-1.1062,0.0000,-117.5925,-0.9614,-1.0000,-1.0000
8/6/2009,2,-3.1410,0.0000,-154.9487,-2.4746,-1.0000,-1.0000
8/6/2009,3,-3.1301,0.0000,-149.8374,-2.8165,-1.0000,-1.0000
8/6/2009,4,-3.4694,0.0000,-162.2678,-3.0951,-1.0000,-1.0000
8/6/2009,5,-2.5460,0.0000,-174.0743,-2.1818,-1.0000,-1.0000
8/6/2009,6,31.6201,95.3922,-99.5118,31.6017,36.6000,25.9667
8/6/2009,7,51.7023,345.1268,-168.1316,51.7023,95.4833,74.8667
8/6/2009,8,165.0214,592.3740,-134.6469,149.0746,94.2167,76.0500
8/6/2009,9,269.0273,816.1591,-113.5273,241.6664,93.7500,76.6833
8/6/2009,10,305.2633,1000.9673,-131.9523,272.5394,98.9500,88.6167
8/6/2009,11,311.6902,1134.1199,-177.0740,309.9307,97.8167,76.8333
8/6/2009,12,662.7802,1206.4978,47.6346,499.3962,92.1667,61.7167
8/6/2009,13,860.8960,1213.1380,814.8598,256.0750,30.6333,13.9333
8/6/2009,14,493.9805,1153.5667,168.2562,313.7576,77.8500,47.9833
8/6/2009,15,162.5133,1031.8312,-128.5315,162.1934,96.4833,76.7667
8/6/2009,16,265.3673,856.2302,-111.2458,238.2801,92.7667,68.3333
8/6/2009,17,176.0408,638.7668,-152.0612,167.5178,90.7667,67.7833
8/6/2009,18,51.7162,394.4286,-160.2367,51.7162,92.6071,62.5536
8/6/2009,19,28.3757,141.3962,394.2732,26.1842,30.5500,17.8167
8/6/2009,20,-4.4568,0.8448,-116.5821,-3.6536,-1.0000,-1.0000
8/6/2009,21,-3.3257,0.0000,25.3041,-2.5972,-1.0000,-1.0000
8/6/2009,22,-1.8462,0.0000,522.6478,-1.4318,-1.0000,-1.0000
8/6/2009,23,-2.8386,0.0000,458.6965,-2.4115,-1.0000,-1.0000
8/7/2009,0,-3.7466,0.0000,497.7352,-3.0945,-1.0000,-1.0000
8/7/2009,1,-3.9898,0.0000,530.3632,-3.2787,-1.0000,-1.0000
8/7/2009,2,-3.8414,0.0000,417.2115,-3.3067,-1.0000,-1.0000
8/7/2009,3,-3.5395,0.0000,366.7175,-3.0072,-1.0000,-1.0000
8/7/2009,4,-3.6123,0.0000,290.4458,-3.1217,-1.0000,-1.0000
8/7/2009,5,-3.1319,0.0000,223.5115,-2.6029,-1.0000,-1.0000
8/7/2009,6,41.9506,92.2985,440.9995,31.8224,1.3167,0.6833
8/7/2009,7,206.0927,341.9296,747.4892,69.2242,2.3500,2.2167
8/7/2009,8,405.6905,589.5645,707.6748,68.2173,1.1500,1.0833
8/7/2009,9,608.7522,813.6697,868.3848,75.5393,1.5833,1.5500
8/7/2009,10,780.9240,998.7021,874.9755,108.5906,4.6000,2.8167
8/7/2009,11,881.7118,1131.9667,0.1197,182.1866,10.5000,5.3167
8/7/2009,12,928.9098,1204.3358,111.1324,172.1783,4.6833,2.3167
8/7/2009,13,1006.9172,1210.8470,913.6083,138.5997,4.4000,2.1667
8/7/2009,14,848.2353,1151.0348,744.5758,171.5489,14.7833,8.4333
8/7/2009,15,659.3013,1028.9630,577.3094,184.0384,26.8333,18.8167
8/7/2009,16,497.8998,852.9533,445.0561,216.2262,49.7167,36.1833
8/7/2009,17,255.4955,635.0376,249.0631,137.4471,39.6500,28.0667
8/7/2009,18,205.8046,390.2396,444.4013,93.8363,33.8667,17.7833
8/7/2009,19,39.5395,136.8714,32.6774,36.9553,33.4333,21.6833
8/7/2009,20,-3.5184,0.5110,-0.9719,-2.8402,-1.0000,-1.0000
8/7/2009,21,-5.1387,0.0000,-1.1591,-4.3344,-1.0000,-1.0000
8/7/2009,22,-5.2516,0.0000,-1.4014,-4.1404,-1.0000,-1.0000
8/7/2009,23,-4.9324,0.0000,-1.2872,-3.9352,-1.0000,-1.0000
8/8/2009,0,-5.4861,0.0000,-1.6667,-4.5331,-1.0000,-1.0000
8/8/2009,1,-4.6810,0.0000,-0.9210,-3.9729,-1.0000,-1.0000
8/8/2009,2,-6.4783,0.0000,-1.7898,-5.0963,-1.0000,-1.0000
8/8/2009,3,-4.8169,0.0000,-1.2051,-3.8900,-1.0000,-1.0000
8/8/2009,4,-4.7507,0.0000,-1.0623,-3.7156,-1.0000,-1.0000
8/8/2009,5,-4.2651,0.0000,-1.2652,-3.5309,-1.0000,-1.0000
8/8/2009,6,35.1748,89.2406,133.9223,28.7527,0.9000,0.7167
8/8/2009,7,193.6695,338.7075,526.0325,75.3035,3.9333,2.9333
8/8/2009,8,405.9755,586.7281,738.3450,87.3240,3.3000,2.3000
8/8/2009,9,616.8192,811.1488,854.7472,92.6056,1.1500,1.0000
8/8/2009,10,792.3720,996.3986,902.2950,98.6980,1.0000,1.0000
8/8/2009,11,915.1347,1129.7659,915.9017,109.2080,0.4667,0.4667
8/8/2009,12,984.6560,1202.1158,920.3233,119.8856,0.0667,0.0667
8/8/2009,13,971.3992,1208.4866,891.2647,132.5852,1.5000,0.9000
8/8/2009,14,925.3990,1148.4224,913.3328,114.1039,0.1833,0.1667
8/8/2009,15,801.5637,1026.0037,884.3778,109.2646,0.5833,0.1000
8/8/2009,16,560.0087,849.5765,678.8083,123.8913,5.9500,3.0167
8/8/2009,17,270.3866,631.2020,319.7708,107.1401,21.2833,14.1500
8/8/2009,18,69.0963,385.9402,-1.3253,69.0963,88.2333,62.9500
8/8/2009,19,17.9080,132.2473,-0.5757,17.9080,52.7833,32.2333
8/8/2009,20,-3.0192,0.2558,-0.7562,-2.3727,-1.0000,-1.0000
8/8/2009,21,-5.0399,0.0000,-1.5322,-4.0778,-1.0000,-1.0000
8/8/2009,22,-5.3215,0.0000,-0.9365,-4.3104,-1.0000,-1.0000
8/8/2009,23,-5.2856,0.0000,-1.7581,-4.3639,-1.0000,-1.0000
8/9/2009,0,-3.2938,0.0000,-0.8819,-2.8743,-1.0000,-1.0000
8/9/2009,1,-2.1431,0.0000,-0.5852,-1.7934,-1.0000,-1.0000
8/9/2009,2,-2.6086,0.0000,-0.5437,-2.3124,-1.0000,-1.0000
8/9/2009,3,-1.5991,0.0000,0.0930,-1.4184,-1.0000,-1.0000
8/9/2009,4,-1.2502,0.0000,-0.5775,-1.0927,-1.0000,-1.0000
8/9/2009,5,-2.1411,0.0000,-1.5089,-1.7734,-1.0000,-1.0000
8/9/2009,6,26.3929,86.2199,31.7564,26.1175,19.5833,12.0667
8/9/2009,7,96.3575,335.4608,62.9846,76.5595,53.7167,38.7333
8/9/2009,8,402.7045,583.8649,725.3623,96.6106,4.3167,3.3000
8/9/2009,9,609.7388,808.5963,831.0190,105.2216,1.7500,1.2667
8/9/2009,10,788.2070,994.0560,886.4362,113.0065,1.0000,1.0000
8/9/2009,11,914.8423,1127.5169,907.4525,122.8818,0.4000,0.4000
8/9/2009,12,981.6713,1199.8370,912.1742,130.0075,0.0000,0.0000
8/9/2009,13,981.2515,1206.0562,904.4865,133.7656,0.0000,0.0000
8/9/2009,14,917.5950,1145.7287,890.0127,132.6806,0.0000,0.0000
8/9/2009,15,789.9533,1022.9534,849.5882,132.0796,1.4000,0.5000
8/9/2009,16,630.4000,846.0999,772.7315,146.3277,11.8667,5.8167
8/9/2009,17,350.2131,627.2604,422.5644,150.5585,35.3333,20.7833
8/9/2009,18,41.7446,381.5319,-0.8573,41.7446,62.5167,34.3333
8/9/2009,19,1.4273,127.5268,-4.7945,1.0731,33.2333,20.0333
8/9/2009,20,0.6045,0.0833,1.8827,-1.1161,-1.0000,-1.0000
8/9/2009,21,-0.0672,0.0000,1.7870,-1.1887,-1.0000,-1.0000
8/9/2009,22,-0.5967,0.0000,1.9922,-1.2971,-1.0000,-1.0000
8/9/2009,23,-1.6724,0.0000,0.7032,-1.3287,-1.0000,-1.0000
8/10/2009,0,-2.3231,0.0000,0.4358,-1.9830,-1.0000,-1.0000
8/10/2009,1,-3.0320,0.0000,0.0038,-2.4922,-1.0000,-1.0000
8/10/2009,2,-4.6588,0.0000,0.6032,-4.7106,-1.0000,-1.0000
8/10/2009,3,-5.4497,0.0000,-0.3380,-4.6220,-1.0000,-1.0000
8/10/2009,4,-4.3823,0.0000,-0.0677,-3.3562,-1.0000,-1.0000
8/10/2009,5,-3.9636,0.0000,-0.1355,-3.2742,-1.0000,-1.0000
8/10/2009,6,31.3694,83.2377,131.0662,26.6524,1.9167,1.4167
8/10/2009,7,187.7986,332.1895,507.0307,81.6722,5.0500,4.0333
8/10/2009,8,393.2082,580.9746,718.0242,92.4152,5.3000,4.0667
8/10/2009,9,598.7553,806.0118,821.1890,102.0831,2.8333,1.7000
8/10/2009,10,773.1700,991.6740,886.5655,136.2169,1.0000,1.0000
8/10/2009,11,903.0478,1125.2191,903.5797,208.5750,0.7333,0.7167
8/10/2009,12,984.1285,1197.4987,918.0538,260.2444,2.0500,1.1667
8/10/2009,13,1005.6905,1203.5552,895.1553,290.3605,7.8333,3.4000
8/10/2009,14,903.0855,1142.9537,802.5771,310.3179,13.4667,6.5667
8/10/2009,15,821.6955,1019.8117,815.9820,378.9654,17.0167,8.8167
8/10/2009,16,631.0723,842.5241,817.5285,352.2675,5.8000,2.9000
8/10/2009,17,419.3767,623.2136,706.0743,342.4347,8.8167,5.5333
8/10/2009,18,132.0837,377.0156,249.0273,132.0837,11.7167,7.8500
8/10/2009,19,40.3634,122.7127,209.8189,40.3634,2.9833,2.2667
8/10/2009,20,-6.3164,0.0000,-1.9928,420.2277,-1.0000,-1.0000
8/10/2009,21,-5.6528,0.0000,-1.3119,504.5900,-1.0000,-1.0000
8/10/2009,22,-5.6361,0.0000,-0.1170,447.8000,-1.0000,-1.0000
8/10/2009,23,-5.4226,0.0000,-0.8665,465.3638,-1.0000,-1.0000
8/11/2009,0,-3.6804,0.0000,-0.5168,519.0417,-1.0000,-1.0000
8/11/2009,1,-3.5912,0.0000,-0.3007,626.9243,-1.0000,-1.0000
8/11/2009,2,-5.7095,0.0000,-1.1842,601.3523,-1.0000,-1.0000
8/11/2009,3,-5.2448,0.0000,-0.4688,602.0373,-1.0000,-1.0000
8/11/2009,4,-4.4373,0.0000,-1.0612,642.4979,-1.0000,-1.0000
8/11/2009,5,-4.5529,0.0000,-1.0492,663.4423,-1.0000,-1.0000
8/11/2009,6,33.0318,80.2953,201.0179,147.5183,0.5000,0.5000
8/11/2009,7,197.9547,328.8941,622.1960,191.5096,2.9167,2.0667
8/11/2009,8,405.7387,578.0572,801.8235,101.3851,2.9831,1.9831
8/11/2009,9,608.3175,803.3948,880.5072,78.8930,1.1833,1.0000
8/11/2009,10,792.5138,989.2520,926.4402,91.0361,1.0000,1.0000
8/11/2009,11,924.7348,1122.8720,940.4832,104.0964,0.6000,0.6000
8/11/2009,12,993.2217,1195.1005,944.9965,113.5923,1.6333,0.8167
8/11/2009,13,996.6658,1200.9834,937.9458,121.4480,2.1500,1.0167
8/11/2009,14,917.3862,1140.0973,908.8945,117.1463,2.3333,1.1000
8/11/2009,15,813.6028,1016.5790,889.0405,126.4627,5.5333,2.7667
8/11/2009,16,559.1810,838.8495,634.0486,159.5544,16.1667,10.0000
8/11/2009,17,312.5485,619.0626,460.4817,113.0827,17.9167,10.9833
8/11/2009,18,187.3966,372.3925,470.4426,80.6012,15.0667,8.7833
8/11/2009,19,30.4460,117.8276,174.1606,23.5211,2.8333,2.0000
8/11/2009,20,-6.7213,0.0000,-1.5927,-5.4990,-1.0000,-1.0000
8/11/2009,21,-5.6530,0.0000,-0.5862,-4.7269,-1.0000,-1.0000
8/11/2009,22,-5.3960,0.0000,-1.7963,-4.4043,-1.0000,-1.0000
8/11/2009,23,-4.5646,0.0000,-0.8331,-3.8567,-1.0000,-1.0000
8/12/2009,0,-4.3262,0.0000,-0.9687,-3.6947,-1.0000,-1.0000
8/12/2009,1,-3.6567,0.0000,-0.5255,-3.0941,-1.0000,-1.0000
8/12/2009,2,-3.8559,0.0000,-0.8484,-3.2282,-1.0000,-1.0000
8/12/2009,3,-4.2169,0.0000,-1.1014,-3.4846,-1.0000,-1.0000
8/12/2009,4,-4.9717,0.0000,-0.9716,-4.0975,-1.0000,-1.0000
8/12/2009,5,-5.3216,0.0000,-1.2926,-4.5421,-1.0000,-1.0000
8/12/2009,6,31.2226,77.3938,189.2451,24.1852,0.3667,0.3667
8/12/2009,7,194.1973,325.5750,598.1330,70.7473,2.8833,2.0167
8/12/2009,8,404.3178,575.1130,769.1855,85.6659,3.1833,2.1833
8/12/2009,9,607.6473,800.7454,868.2133,90.5353,1.3000,1.0000
8/12/2009,10,817.0773,986.7898,897.8442,143.4096,12.0167,7.1500
8/12/2009,11,843.4715,1120.4752,722.4608,214.3007,25.7333,16.2667
8/12/2009,12,781.3175,1192.6423,549.1959,268.3296,33.0167,19.4167
8/12/2009,13,825.4465,1198.3407,582.0485,280.6277,34.3667,20.3167
8/12/2009,14,869.6450,1137.1594,719.9910,232.6657,14.9167,7.0833
8/12/2009,15,526.0878,1013.2556,350.9338,249.9112,40.8667,27.6500
8/12/2009,16,518.9808,835.0767,515.9012,203.4529,40.9500,26.4333
8/12/2009,17,179.1654,614.8082,136.8791,113.3849,30.9167,20.7333
8/12/2009,18,139.4550,367.6642,278.5723,81.9331,34.6500,21.7667
8/12/2009,19,36.5045,112.9496,202.4509,27.0622,19.0500,11.4333
8/12/2009,20,-8.6104,0.0000,-2.6768,-6.7894,-1.0000,-1.0000
8/12/2009,21,-6.6388,0.0000,-1.9978,-5.5283,-1.0000,-1.0000
8/12/2009,22,-5.4224,0.0000,-0.9803,-4.3507,-1.0000,-1.0000
8/12/2009,23,-4.5108,0.0000,-0.7622,-3.7031,-1.0000,-1.0000
8/13/2009,0,-5.7380,0.0000,-1.5349,-4.7494,-1.0000,-1.0000
8/13/2009,1,-5.0413,0.0000,-0.7595,-4.2683,-1.0000,-1.0000
8/13/2009,2,-4.5766,0.0000,-0.7849,-3.9230,-1.0000,-1.0000
8/13/2009,3,-4.0287,0.0000,-0.7220,-3.4569,-1.0000,-1.0000
8/13/2009,4,-3.9838,0.0000,-0.6028,-3.1920,-1.0000,-1.0000
8/13/2009,5,-3.7228,0.0000,-0.4913,-2.9795,-1.0000,-1.0000
8/13/2009,6,21.0802,74.5347,24.1180,21.2249,26.6333,15.5333
8/13/2009,7,87.5826,322.2324,6.8946,87.4878,93.2167,79.1000
8/13/2009,8,173.9713,572.1419,7.6192,173.8515,99.2167,90.9167
8/13/2009,9,300.8782,798.0634,24.5449,287.4850,97.8667,83.5500
8/13/2009,10,704.8852,984.2873,501.5881,310.9601,50.8167,28.5833
8/13/2009,11,860.4177,1118.0285,531.3440,410.0987,59.2667,35.6333
8/13/2009,12,439.2488,1190.1237,55.6720,377.9628,89.5667,61.3167
8/13/2009,13,175.0706,1195.6269,-2.8574,175.0114,93.5167,61.4667
8/13/2009,14,194.0820,1134.1405,1.2080,193.9278,96.1667,72.9833
8/13/2009,15,397.4065,1009.8420,86.6630,333.6753,91.6500,63.6000
8/13/2009,16,255.3018,831.2065,32.2069,233.8369,85.8500,61.8333
8/13/2009,17,270.4045,610.4516,142.7561,201.5510,56.6667,29.8667
8/13/2009,18,84.3056,362.8319,1.5565,84.1057,46.9667,31.0000
8/13/2009,19,19.4982,108.0852,-1.1821,19.5085,40.4500,25.2167
8/13/2009,20,-3.1349,0.0000,-0.5774,-2.6160,-1.0000,-1.0000
8/13/2009,21,-3.0522,0.0000,-0.3098,-2.5713,-1.0000,-1.0000
8/13/2009,22,-3.9495,0.0000,-0.6610,-3.2579,-1.0000,-1.0000
8/13/2009,23,-3.5689,0.0000,-0.7322,-3.0638,-1.0000,-1.0000
8/14/2009,0,-0.8039,0.0000,1.9988,-0.8531,-1.0000,-1.0000
8/14/2009,1,-2.5180,0.0000,-0.2658,-2.2383,-1.0000,-1.0000
8/14/2009,2,-4.1667,0.0000,-0.2705,-3.4798,-1.0000,-1.0000
8/14/2009,3,-4.4129,0.0000,-0.9439,-3.7604,-1.0000,-1.0000
8/14/2009,4,-1.8859,0.0000,0.4764,-1.5257,-1.0000,-1.0000
8/14/2009,5,-2.0564,0.0000,0.2119,-1.6274,-1.0000,-1.0000
8/14/2009,6,5.6891,71.7189,5.6685,5.7425,21.8500,8.0167
8/14/2009,7,37.6201,318.8670,0.8639,37.6201,95.7667,65.3000
8/14/2009,8,118.4226,569.1442,2.3796,118.4226,97.8333,83.5667
8/14/2009,9,201.8665,795.3490,3.4838,201.8665,99.1500,88.6833
8/14/2009,10,272.9785,981.7443,7.0635,272.9785,99.7333,91.8167
8/14/2009,11,564.7195,1115.5320,115.0095,470.4564,97.8333,74.6167
8/14/2009,12,290.3913,1187.5449,3.3848,288.5646,93.5333,55.7167
8/14/2009,13,530.9792,1192.8425,171.6656,372.1552,77.7167,48.0500
8/14/2009,14,844.2392,1131.0406,724.5652,219.1909,22.1500,9.1833
8/14/2009,15,517.2640,1006.3388,368.7165,225.6918,50.4833,37.0167
8/14/2009,16,398.7712,827.2397,240.5946,248.6763,76.1500,53.8833
8/14/2009,17,336.9298,605.9939,439.7589,162.9256,39.6500,27.0500
8/14/2009,18,211.0042,357.8974,636.5803,67.4355,6.9333,2.2833
8/14/2009,19,28.8530,103.2541,188.9528,16.7670,0.4000,0.2667
8/14/2009,20,-6.2108,0.0000,-1.6993,-4.6184,-1.0000,-1.0000
8/14/2009,21,-4.2454,0.0000,-0.2439,-3.6151,-1.0000,-1.0000
8/14/2009,22,-2.6266,0.0000,-0.2374,-2.3000,-1.0000,-1.0000
8/14/2009,23,-4.5720,0.0000,-0.5348,-3.6789,-1.0000,-1.0000
8/15/2009,0,-3.8192,0.0000,-0.4229,-3.1681,-1.0000,-1.0000
8/15/2009,1,-1.8275,0.0000,0.5792,-1.5811,-1.0000,-1.0000
8/15/2009,2,-4.3335,0.0000,-0.2450,-3.7648,-1.0000,-1.0000
8/15/2009,3,-4.9611,0.0000,-1.5378,-4.2182,-1.0000,-1.0000
8/15/2009,4,-3.3083,0.0000,-0.2092,-2.7473,-1.0000,-1.0000
8/15/2009,5,-2.9698,0.0000,-0.2510,-2.5374,-1.0000,-1.0000
8/15/2009,6,36.2102,68.9478,137.5636,32.6145,37.8833,33.8167
8/15/2009,7,178.2934,315.4790,198.4454,127.0694,82.1167,65.5667
8/15/2009,8,389.9125,566.1201,585.0512,140.5784,35.7333,21.4500
8/15/2009,9,293.9148,792.6023,249.8663,157.0526,80.8000,59.7167
8/15/2009,10,75.6431,979.1610,-0.3414,75.6431,98.5167,71.0833
8/15/2009,11,256.4701,1112.9857,38.7204,223.2369,92.5667,58.8167
8/15/2009,12,652.1853,1184.9061,276.6873,390.3723,69.9333,43.4167
8/15/2009,13,769.0337,1189.9873,630.4581,188.2459,37.5667,23.1833
8/15/2009,14,894.2158,1127.8603,820.6971,179.1260,19.1167,9.9167
8/15/2009,15,437.3948,1002.7466,266.7101,222.8479,57.6500,37.9333
8/15/2009,16,356.1685,823.1774,287.3343,199.2445,65.8000,43.9333
8/15/2009,17,275.9339,601.4364,352.4026,114.0050,25.6167,14.0667
8/15/2009,18,76.1526,352.8619,57.1665,66.6166,71.3667,42.7667
8/15/2009,19,33.7801,98.4565,83.9880,31.9138,40.4667,26.9333
8/15/2009,20,-5.7151,0.0000,-5.4902,-4.6558,-1.0000,-1.0000
8/15/2009,21,-5.4498,0.0000,-1.6367,-4.6008,-1.0000,-1.0000
8/15/2009,22,-4.2665,0.0000,-0.8047,-3.8219,-1.0000,-1.0000
8/15/2009,23,-4.5658,0.0000,-0.1501,-4.0187,-1.0000,-1.0000
8/16/2009,0,-4.5002,0.0000,0.1961,-3.7630,-1.0000,-1.0000
8/16/2009,1,-2.5993,0.0000,0.5725,-2.3128,-1.0000,-1.0000
8/16/2009,2,-2.8502,0.0000,-1.0387,-2.7948,-1.0000,-1.0000
8/16/2009,3,-4.4876,0.0000,-1.5691,-3.6380,-1.0000,-1.0000
8/16/2009,4,-4.2045,0.0000,-0.0640,-3.4310,-1.0000,-1.0000
8/16/2009,5,-3.6887,0.0000,0.1122,-3.1870,-1.0000,-1.0000
8/16/2009,6,22.1684,66.2227,72.0214,18.4751,0.6500,0.3333
8/16/2009,7,175.7293,312.0695,514.8528,71.6265,3.0000,2.0000
8/16/2009,8,389.1960,563.0703,732.2182,88.4723,2.7833,1.7833
8/16/2009,9,594.9767,789.8237,825.5190,103.3747,1.5833,1.0167
8/16/2009,10,739.6292,976.5377,827.4970,115.9314,1.6500,1.2333
8/16/2009,11,859.9968,1110.3896,826.0255,146.4221,4.8000,2.6500
8/16/2009,12,900.4668,1182.2071,804.5614,154.3740,7.4000,3.9000
8/16/2009,13,954.7212,1187.0618,807.8135,205.1847,12.5333,5.3333
8/16/2009,14,675.4552,1124.6001,464.4525,254.6426,33.1833,18.2500
8/16/2009,15,236.6334,999.0662,46.8774,197.5099,91.1833,69.9667
8/16/2009,16,477.2012,819.0202,441.6198,205.3565,68.6167,45.7667
8/16/2009,17,138.5522,596.7803,19.5760,129.8081,78.6333,57.8833
8/16/2009,18,124.9258,347.7271,176.3697,90.8807,51.3833,34.1000
8/16/2009,19,8.4030,93.6927,-3.7293,8.2500,18.9000,9.3833
8/16/2009,20,-3.9397,0.0000,-0.7294,-3.2283,-1.0000,-1.0000
8/16/2009,21,-5.2076,0.0000,-1.2471,-4.2038,-1.0000,-1.0000
8/16/2009,22,-4.8829,0.0000,0.2780,-4.0865,-1.0000,-1.0000
8/16/2009,23,-4.7299,0.0000,-0.7773,-3.9656,-1.0000,-1.0000
8/17/2009,0,-4.2342,0.0000,-0.3436,-3.4540,-1.0000,-1.0000
8/17/2009,1,-3.9458,0.0000,-0.2177,-3.2385,-1.0000,-1.0000
8/17/2009,2,-4.8460,0.0000,-0.2934,-4.1247,-1.0000,-1.0000
8/17/2009,3,-4.8376,0.0000,0.1641,-4.1894,-1.0000,-1.0000
8/17/2009,4,-4.4548,0.0000,-0.2681,-3.8814,-1.0000,-1.0000
8/17/2009,5,-3.4292,0.0000,0.2987,-3.0355,-1.0000,-1.0000
8/17/2009,6,24.8944,63.5454,150.4029,19.9180,0.5167,0.3500
8/17/2009,7,179.6842,308.6390,567.0878,67.4011,3.0500,2.0500
8/17/2009,8,391.7595,559.9950,763.0593,78.7694,2.9333,1.9333
8/17/2009,9,593.9933,787.0132,853.9570,86.9361,1.3500,0.9833
8/17/2009,10,767.6058,973.8742,898.5327,94.6236,0.7000,0.7000
8/17/2009,11,888.1555,1107.7441,907.8457,111.3015,0.1500,0.1500
8/17/2009,12,918.1237,1179.4482,847.9270,147.2790,2.0000,1.1167
8/17/2009,13,841.3575,1184.0662,643.8328,257.0158,16.1000,8.7500
8/17/2009,14,786.2980,1121.2602,523.4524,341.3497,50.9333,33.1000
8/17/2009,15,273.7882,995.2980,46.5554,237.2449,91.3667,69.1167
8/17/2009,16,194.8787,814.7692,23.8056,181.5979,95.6833,75.3333
8/17/2009,17,84.6307,592.0265,0.1402,84.6307,96.6000,74.1833
8/17/2009,18,77.4184,342.4945,12.7978,75.4189,63.6833,46.4667
8/17/2009,19,8.1605,88.9854,-2.1892,8.1672,27.7333,17.6000
8/17/2009,20,0.0196,0.0000,0.3598,-0.1508,-1.0000,-1.0000
8/17/2009,21,-0.4355,0.0000,1.8078,-0.6334,-1.0000,-1.0000
8/17/2009,22,-1.0266,0.0000,1.7139,-1.2741,-1.0000,-1.0000
8/17/2009,23,-3.0085,0.0000,1.0179,-2.8245,-1.0000,-1.0000
8/18/2009,0,-1.1457,0.0000,2.0630,-1.2953,-1.0000,-1.0000
8/18/2009,1,-0.7744,0.0000,1.1694,-1.0417,-1.0000,-1.0000
8/18/2009,2,-0.9782,0.0000,1.0543,-1.4295,-1.0000,-1.0000
8/18/2009,3,-2.7753,0.0000,0.1077,-3.1281,-1.0000,-1.0000
8/18/2009,4,-3.1230,0.0000,-0.0313,-3.1665,-1.0000,-1.0000
8/18/2009,5,-3.8588,0.0000,-0.0124,-3.4282,-1.0000,-1.0000
8/18/2009,6,22.2524,60.9192,87.7770,20.1347,1.4167,0.8333
8/18/2009,7,169.5916,305.1883,461.4998,79.5398,5.6167,4.0833
8/18/2009,8,385.5102,556.8950,669.8285,100.2940,5.6167,4.1667
8/18/2009,9,512.1077,784.1712,629.0240,134.3105,10.6500,6.1500
8/18/2009,10,720.7687,971.1709,745.5835,160.4150,11.3167,5.6833
8/18/2009,11,600.5733,1105.0489,436.4050,230.9052,60.2000,37.2333
8/18/2009,12,57.2624,1176.6295,-6.9980,54.1556,78.2833,39.3333
8/18/2009,13,32.8680,1181.0006,-0.9491,32.8450,85.8500,34.9500
8/18/2009,14,275.7892,1117.8409,12.5010,270.8235,95.3500,69.5167
8/18/2009,15,657.3313,991.4426,486.0188,289.1039,53.1000,25.7500
8/18/2009,16,346.6895,810.4252,260.9600,198.0086,66.2167,46.3333
8/18/2009,17,335.8835,587.1764,372.9566,173.5750,51.0500,24.5333
8/18/2009,18,120.2976,337.1654,50.2104,114.7689,93.4833,60.3833
8/18/2009,19,35.1544,84.3305,117.2082,31.3499,35.6000,11.8000
8/18/2009,20,-5.1581,0.0000,-1.1982,-3.9163,-1.0000,-1.0000
8/18/2009,21,-3.8362,0.0000,-0.1928,-3.1611,-1.0000,-1.0000
8/18/2009,22,-3.3970,0.0000,-0.3849,-2.7123,-1.0000,-1.0000
8/18/2009,23,-3.1229,0.0000,-0.1457,-2.5408,-1.0000,-1.0000
8/19/2009,0,-2.8166,0.0000,-0.3289,-2.2607,-1.0000,-1.0000
8/19/2009,1,-2.7717,0.0000,-0.2347,-2.2045,-1.0000,-1.0000
8/19/2009,2,-3.5548,0.0000,-0.6465,-2.7767,-1.0000,-1.0000
8/19/2009,3,-3.5616,0.0000,-0.1510,-2.7317,-1.0000,-1.0000
8/19/2009,4,-3.5972,0.0000,-0.6863,-2.7593,-1.0000,-1.0000
8/19/2009,5,-3.8912,0.0000,-1.0303,-3.0769,-1.0000,-1.0000
8/19/2009,6,22.8598,58.3424,126.6911,18.2004,0.7333,0.4000
8/19/2009,7,180.9919,301.7182,588.7518,65.4150,3.5500,2.5500
8/19/2009,8,389.6633,553.7705,801.6563,69.4013,3.0833,1.9333
8/19/2009,9,602.1362,781.2980,832.5512,101.9748,7.5667,4.1333
8/19/2009,10,780.0783,968.4276,943.0362,82.2122,1.8667,1.3333
8/19/2009,11,907.8960,1102.3039,966.1823,86.4955,1.0667,0.6667
8/19/2009,12,790.3398,1173.7508,650.7524,201.6521,27.5500,17.5667
8/19/2009,13,617.1007,1177.8649,297.3128,338.2376,63.5333,41.0000
8/19/2009,14,791.5768,1114.3424,559.6818,304.1804,52.2500,33.3833
8/19/2009,15,603.7047,987.5001,529.9605,209.8066,32.5333,21.1167
8/19/2009,16,411.6143,805.9888,379.0067,181.8195,34.6167,22.7167
8/19/2009,17,303.7412,582.2308,480.4722,107.4144,15.1667,9.7333
8/19/2009,18,129.2432,331.7413,352.0014,59.1487,7.9500,5.1333
8/19/2009,19,23.9690,79.7323,179.5341,16.5126,0.8167,0.5333
8/19/2009,20,-5.8050,0.0000,-2.6724,-4.6743,-1.0000,-1.0000
8/19/2009,21,-4.7373,0.0000,-1.1042,-3.9116,-1.0000,-1.0000
8/19/2009,22,-5.5037,0.0000,-0.2186,-4.4588,-1.0000,-1.0000
8/19/2009,23,-4.4673,0.0000,-0.2387,-3.7934,-1.0000,-1.0000
8/20/2009,0,-3.0703,0.0000,0.1543,-2.7459,-1.0000,-1.0000
8/20/2009,1,-3.8389,0.0000,-0.5019,-3.1866,-1.0000,-1.0000
8/20/2009,2,-2.1075,0.0000,0.2177,-1.7465,-1.0000,-1.0000
8/20/2009,3,-1.6374,0.0000,-0.2979,-1.3786,-1.0000,-1.0000
8/20/2009,4,-4.8405,0.0000,-1.5843,-4.0658,-1.0000,-1.0000
8/20/2009,5,-4.5423,0.0000,-1.3117,-3.8102,-1.0000,-1.0000
8/20/2009,6,20.1995,55.8161,141.9616,16.2928,-0.0167,-0.0333
8/20/2009,7,173.4614,298.2292,594.8825,59.4357,1.0000,1.0000
8/20/2009,8,380.4960,550.6217,788.4395,67.5577,1.0000,1.0000
8/20/2009,9,580.8337,778.3934,882.1042,70.3578,1.0000,1.0000
8/20/2009,10,760.7750,965.6443,933.3932,76.7171,1.0000,1.0000
8/20/2009,11,893.8498,1099.5090,957.3003,83.5363,0.1333,0.1333
8/20/2009,12,958.5578,1170.8120,954.3397,93.8773,0.0000,0.0000
8/20/2009,13,952.5363,1174.6589,945.1235,97.0622,0.0167,0.0167
8/20/2009,14,882.9312,1110.7645,918.2073,99.9688,0.0000,0.0000
8/20/2009,15,751.2557,983.4712,875.4195,100.3881,0.1167,0.0167
8/20/2009,16,597.7348,801.4603,846.6930,100.3707,3.2333,0.4833
8/20/2009,17,278.1655,577.1907,369.5984,132.2031,30.3500,12.8333
8/20/2009,18,162.9419,326.2236,536.1833,57.3033,3.4167,2.2500
8/20/2009,19,18.1608,75.2136,137.8422,13.7299,0.1500,0.1500
8/20/2009,20,-6.2733,0.0000,-1.5852,-4.9002,-1.0000,-1.0000
8/20/2009,21,-4.4184,0.0000,-0.7867,-3.5563,-1.0000,-1.0000
8/20/2009,22,-5.0708,0.0000,-1.6264,-4.3142,-1.0000,-1.0000
8/20/2009,23,-4.0312,0.0000,-0.4922,-3.2958,-1.0000,-1.0000
8/21/2009,0,-4.9897,0.0000,-0.6936,-4.2131,-1.0000,-1.0000
8/21/2009,1,-5.4143,0.0000,-0.7713,-4.4167,-1.0000,-1.0000
8/21/2009,2,-4.5276,0.0000,-1.1778,-3.5712,-1.0000,-1.0000
8/21/2009,3,-3.7523,0.0000,-0.6326,-3.0375,-1.0000,-1.0000
8/21/2009,4,-4.3037,0.0000,-0.3287,-3.6060,-1.0000,-1.0000
8/21/2009,5,-3.4817,0.0000,-0.5655,-3.0477,-1.0000,-1.0000
8/21/2009,6,21.5991,53.3411,167.0422,16.8814,-0.0667,-0.0667
8/21/2009,7,175.4185,294.7220,626.6578,57.5624,1.0000,1.0000
8/21/2009,8,379.1297,547.4490,798.1500,63.4916,1.0000,1.0000
8/21/2009,9,582.7827,775.4574,888.3015,69.2070,1.4500,1.4167
8/21/2009,10,758.8183,962.8206,936.0948,73.6384,1.0000,1.0000
8/21/2009,11,890.7948,1096.6637,966.2413,75.9877,0.3500,0.3500
8/21/2009,12,956.6310,1167.8122,976.0115,78.0181,0.0000,0.0000
8/21/2009,13,943.2370,1171.3823,948.8995,86.1953,0.0000,0.0000
8/21/2009,14,882.3090,1107.1072,946.9268,80.0679,0.0000,0.0000
8/21/2009,15,761.7155,979.3556,930.4593,75.0882,0.0000,0.0000
8/21/2009,16,569.5798,796.8405,850.1787,71.5901,0.0000,0.0000
8/21/2009,17,370.5208,572.0570,756.2250,63.9284,0.4000,0.4000
8/21/2009,18,165.3816,320.6138,565.8132,53.7229,1.0000,1.0000
8/21/2009,19,19.5854,70.7594,143.2457,14.5613,0.0333,0.0333
8/21/2009,20,-7.5761,0.0000,-1.9424,-6.1617,-1.0000,-1.0000
8/21/2009,21,-5.4987,0.0000,-0.7461,-4.5846,-1.0000,-1.0000
8/21/2009,22,-4.3406,0.0000,-0.8588,-3.5772,-1.0000,-1.0000
8/21/2009,23,-4.2129,0.0000,-0.7007,-3.5259,-1.0000,-1.0000
8/22/2009,0,-6.2697,0.0000,-0.7071,-5.2714,-1.0000,-1.0000
8/22/2009,1,-5.3174,0.0000,-0.8948,-4.7045,-1.0000,-1.0000
8/22/2009,2,-3.6778,0.0000,-0.4531,-3.2645,-1.0000,-1.0000
8/22/2009,3,-5.5027,0.0000,-1.2128,-4.7031,-1.0000,-1.0000
8/22/2009,4,-5.1711,0.0000,-0.7333,-4.1191,-1.0000,-1.0000
8/22/2009,5,-5.7145,0.0000,-0.3141,-4.9205,-1.0000,-1.0000
8/22/2009,6,18.9110,50.9181,149.4342,14.9874,-0.3833,-0.3833
8/22/2009,7,169.7478,291.1969,591.9582,58.3853,1.3333,1.3333
8/22/2009,8,373.5222,544.2522,784.8622,64.7960,1.0000,1.0000
8/22/2009,9,576.4125,772.4896,882.2560,69.5096,1.0000,1.0000
8/22/2009,10,751.5073,959.9558,928.8665,76.1926,1.0000,1.0000
8/22/2009,11,879.0985,1093.7672,947.3665,83.6312,0.2000,0.2000
8/22/2009,12,947.7980,1164.7509,957.8393,88.4328,0.0000,0.0000
8/22/2009,13,945.5463,1168.0344,946.3733,94.0180,0.0000,0.0000
8/22/2009,14,871.8155,1103.3701,920.9683,96.2660,0.0000,0.0000
8/22/2009,15,737.3765,975.1534,878.9413,94.0679,0.4333,0.2667
8/22/2009,16,568.7520,792.1296,818.9862,94.2470,1.6000,1.0167
8/22/2009,17,338.0573,566.8305,625.0629,79.4348,5.2167,3.0833
8/22/2009,18,72.1929,314.9131,120.0608,47.6988,12.7333,7.1167
8/22/2009,19,7.4542,66.3982,3.8601,7.7985,4.6167,2.8000
8/22/2009,20,-7.1892,0.0000,-1.9744,-6.1360,-1.0000,-1.0000
8/22/2009,21,-5.7056,0.0000,-0.4258,-4.8581,-1.0000,-1.0000
8/22/2009,22,-5.0896,0.0000,-0.4980,-4.3617,-1.0000,-1.0000
8/22/2009,23,-4.8368,0.0000,-0.2203,-4.0958,-1.0000,-1.0000
8/23/2009,0,-3.9784,0.0000,0.1422,-3.2985,-1.0000,-1.0000
8/23/2009,1,-5.0935,0.0000,-0.0156,-4.1149,-1.0000,-1.0000
8/23/2009,2,-5.7747,0.0000,-1.7008,-5.0557,-1.0000,-1.0000
8/23/2009,3,-5.1944,0.0000,-2.3491,-4.2120,-1.0000,-1.0000
8/23/2009,4,-4.2839,0.0000,0.4064,-3.6219,-1.0000,-1.0000
8/23/2009,5,-4.2923,0.0000,0.5368,-3.5873,-1.0000,-1.0000
8/23/2009,6,22.7347,48.5479,63.0767,20.6715,8.2500,4.5833
8/23/2009,7,136.4585,287.6543,309.4226,78.2692,20.3667,6.1667
8/23/2009,8,338.2667,541.0313,588.2680,103.1842,7.9821,4.8214
8/23/2009,9,555.9570,769.4896,782.7500,102.5998,4.3000,2.4167
8/23/2009,10,747.3737,957.0491,889.5180,100.3054,1.6667,1.0000
8/23/2009,11,892.0828,1090.8186,858.2193,173.1033,16.6333,6.1667
8/23/2009,12,712.3580,1161.6273,452.0265,309.7902,54.8167,34.1000
8/23/2009,13,841.0180,1164.6144,657.5878,260.9339,48.4167,34.9000
8/23/2009,14,811.4498,1099.5525,713.6498,206.4606,25.1667,15.3167
8/23/2009,15,566.2888,970.8645,427.5152,238.3842,52.3000,37.4500
8/23/2009,16,521.7090,787.3281,430.3632,281.6959,81.1667,60.2167
8/23/2009,17,166.6377,561.5121,117.3929,121.4995,60.6000,41.3667
8/23/2009,18,91.8471,309.1232,132.2200,57.7145,40.5167,24.2667
8/23/2009,19,1.3196,62.1182,-1.8726,1.5784,2.4667,1.2833
8/23/2009,20,-3.0206,0.0000,-0.0217,-2.5397,-1.0000,-1.0000
8/23/2009,21,-3.7633,0.0000,-0.9497,-3.1920,-1.0000,-1.0000
8/23/2009,22,-4.6816,0.0000,-0.8151,-3.8814,-1.0000,-1.0000
8/23/2009,23,-5.0002,0.0000,-1.8918,-4.0851,-1.0000,-1.0000
8/24/2009,0,-5.3185,0.0000,-0.2723,-4.3895,-1.0000,-1.0000
8/24/2009,1,-5.2715,0.0000,-0.2507,-4.4120,-1.0000,-1.0000
8/24/2009,2,-3.4343,0.0000,0.9856,-3.0403,-1.0000,-1.0000
8/24/2009,3,-3.1132,0.0000,0.5308,-3.0408,-1.0000,-1.0000
8/24/2009,4,-3.6005,0.0000,-0.0113,-3.2551,-1.0000,-1.0000
8/24/2009,5,-3.1257,0.0000,0.4258,-2.7093,-1.0000,-1.0000
8/24/2009,6,11.5477,46.2311,23.1510,10.8046,1.8333,0.3833
8/24/2009,7,172.4148,284.0945,474.6552,95.1875,29.0000,11.6333
8/24/2009,8,251.7370,537.7861,218.9987,156.5007,48.2500,24.2500
8/24/2009,9,332.1653,766.4566,57.4633,303.9825,93.3667,78.0500
8/24/2009,10,479.0975,954.0999,244.8120,283.6629,62.8000,41.2333
8/24/2009,11,424.0997,1087.8171,19.0456,413.6769,98.0500,82.4167
8/24/2009,12,370.5450,1158.4405,16.1155,363.2667,98.7167,83.4500
8/24/2009,13,338.3075,1161.1216,5.2447,338.2261,97.8000,76.8500
8/24/2009,14,331.0900,1095.6543,8.3695,327.9659,98.4167,80.9667
8/24/2009,15,115.3542,966.4888,-0.7934,115.3542,99.5833,86.4000
8/24/2009,16,84.2994,782.4364,-4.5501,84.2994,99.0000,84.8393
8/24/2009,17,52.6480,556.1029,-1.0663,52.6480,97.0833,81.4333
8/24/2009,18,57.6035,303.2457,32.0428,54.9140,93.3000,63.6000
8/24/2009,19,12.3106,57.9388,-0.0106,12.5140,27.8333,18.8333
8/24/2009,20,-2.5071,0.0000,0.1004,-2.1653,-1.0000,-1.0000
8/24/2009,21,-2.6369,0.0000,0.4057,-2.3826,-1.0000,-1.0000
8/24/2009,22,-4.8141,0.0000,-1.4134,-4.2394,-1.0000,-1.0000
8/24/2009,23,-4.2699,0.0000,-0.5628,-3.6105,-1.0000,-1.0000
8/25/2009,0,-4.0837,0.0000,-0.0906,-3.5202,-1.0000,-1.0000
8/25/2009,1,-3.0845,0.0000,0.0216,-2.4281,-1.0000,-1.0000
8/25/2009,2,-2.1557,0.0000,0.6441,-1.8413,-1.0000,-1.0000
8/25/2009,3,-1.4841,0.0000,0.7225,-1.2523,-1.0000,-1.0000
8/25/2009,4,-2.0256,0.0000,0.9333,-1.8424,-1.0000,-1.0000
8/25/2009,5,-3.9987,0.0000,-1.1507,-3.2071,-1.0000,-1.0000
8/25/2009,6,13.6006,43.9682,84.2512,11.6441,-0.2167,-0.2167
8/25/2009,7,158.8055,280.5176,517.3270,63.8257,2.7167,2.0500
8/25/2009,8,314.8640,534.5161,404.4145,160.4470,31.1667,17.5000
8/25/2009,9,385.1567,763.3901,78.9418,335.9398,86.8333,64.4167
8/25/2009,10,585.0662,951.1070,275.2443,354.2305,66.4000,41.9833
8/25/2009,11,516.9855,1084.7613,211.2242,345.5218,86.0833,64.2833
8/25/2009,12,249.6650,1155.1892,29.7635,221.4728,96.6833,72.0333
8/25/2009,13,191.4247,1157.5553,-0.0343,190.4008,91.9333,61.0667
8/25/2009,14,425.6538,1091.6748,69.9148,361.2464,97.4000,76.8333
8/25/2009,15,263.9325,962.0264,-0.4266,263.2174,98.0000,79.6333
8/25/2009,16,252.9617,777.4549,19.2126,244.4690,97.2833,75.7667
8/25/2009,17,225.9943,550.6040,85.3842,193.7329,96.6667,75.2333
8/25/2009,18,53.9128,297.2824,0.0611,53.9128,95.9667,76.9667
8/25/2009,19,6.2525,53.8579,1.5780,6.4747,22.4833,9.0167
8/25/2009,20,-3.1027,0.0000,0.1701,-2.7014,-1.0000,-1.0000
8/25/2009,21,-2.5966,0.0000,-0.1583,-2.2981,-1.0000,-1.0000
8/25/2009,22,-3.0670,0.0000,-0.8255,-2.4697,-1.0000,-1.0000
8/25/2009,23,-2.3528,0.0000,0.4930,-1.9595,-1.0000,-1.0000
8/26/2009,0,-2.5238,0.0000,0.1399,-2.1476,-1.0000,-1.0000
8/26/2009,1,-2.5478,0.0000,-0.3067,-2.0570,-1.0000,-1.0000
8/26/2009,2,-3.7480,0.0000,-0.0495,-3.0094,-1.0000,-1.0000
8/26/2009,3,-3.8429,0.0000,0.1721,-3.2298,-1.0000,-1.0000
8/26/2009,4,-4.8672,0.0000,-0.5630,-4.0625,-1.0000,-1.0000
8/26/2009,5,-3.3644,0.0000,0.7935,-2.4137,-1.0000,-1.0000
8/26/2009,6,19.9630,41.7595,127.5206,17.0661,2.6833,1.3333
8/26/2009,7,103.5470,276.9235,211.3738,67.7692,21.6333,13.4667
8/26/2009,8,164.1860,531.2210,20.1627,158.5540,71.7500,46.9000
8/26/2009,9,345.1435,760.2891,141.4704,251.0924,63.5000,43.5000
8/26/2009,10,542.8642,948.0695,461.3749,206.7282,45.8833,35.3500
8/26/2009,11,690.0823,1081.6505,438.2518,321.1081,74.0833,55.5167
8/26/2009,12,422.7040,1151.8726,129.9423,278.2931,84.9167,60.5333
8/26/2009,13,709.8472,1153.9145,369.8592,366.5537,62.8167,46.5500
8/26/2009,14,812.6318,1087.6137,570.8234,320.0237,54.9500,38.9833
8/26/2009,15,179.6588,957.4773,-3.1042,177.7851,94.3167,78.6167
8/26/2009,16,545.3177,772.3844,480.1701,287.5658,89.5667,63.6833
8/26/2009,17,406.8362,545.0162,715.5322,134.7286,31.8333,12.8167
8/26/2009,18,141.2273,291.2350,455.6318,59.2481,7.4500,1.7833
8/26/2009,19,10.6443,49.8886,103.0231,8.2994,0.0833,0.0000
8/26/2009,20,-5.9448,0.0000,-1.1051,-4.8111,-1.0000,-1.0000
8/26/2009,21,-3.5528,0.0000,-0.4606,-3.0498,-1.0000,-1.0000
8/26/2009,22,-4.7820,0.0000,-1.4205,-4.0448,-1.0000,-1.0000
8/26/2009,23,-4.3408,0.0000,-0.9324,-3.5598,-1.0000,-1.0000
8/27/2009,0,-3.5896,0.0000,-0.5508,-2.6843,-1.0000,-1.0000
8/27/2009,1,-3.4953,0.0000,-0.5610,-2.7459,-1.0000,-1.0000
8/27/2009,2,-3.7815,0.0000,-0.9035,-3.0423,-1.0000,-1.0000
8/27/2009,3,-3.3136,0.0000,-0.4950,-2.5660,-1.0000,-1.0000
8/27/2009,4,-3.5560,0.0000,-0.5743,-2.7550,-1.0000,-1.0000
8/27/2009,5,-3.3682,0.0000,-0.5606,-2.7221,-1.0000,-1.0000
8/27/2009,6,15.5350,39.6054,131.2510,12.9999,-0.3000,-0.3000
8/27/2009,7,159.5762,273.3125,579.1220,56.2915,2.0167,2.0000
8/27/2009,8,365.9580,527.9000,782.4835,67.1680,2.3500,2.0333
8/27/2009,9,567.3355,757.1529,881.5217,73.1092,0.9667,0.9667
8/27/2009,10,749.3085,944.9862,929.5410,80.9686,0.7167,0.7167
8/27/2009,11,884.6380,1078.4832,961.6373,86.6665,0.0000,0.0000
8/27/2009,12,946.8527,1148.4898,963.7040,91.9660,0.0000,0.0000
8/27/2009,13,946.0843,1150.1987,961.1898,94.8598,0.0000,0.0000
8/27/2009,14,877.5845,1083.4705,947.7315,94.1652,0.0500,0.0500
8/27/2009,15,747.0075,952.8417,919.3982,88.4640,0.0000,0.0000
8/27/2009,16,565.1045,767.2254,859.2827,81.1047,0.0000,0.0000
8/27/2009,17,358.4753,539.3413,759.0578,68.4937,0.8667,0.6500
8/27/2009,18,148.1027,285.1059,556.6760,50.5473,1.0000,1.0000
8/27/2009,19,9.2633,46.0311,75.0568,7.5121,-0.0333,-0.0333
8/27/2009,20,-7.2413,0.0000,-1.5411,-5.9010,-1.0000,-1.0000
8/27/2009,21,-5.2880,0.0000,-1.0472,-4.0668,-1.0000,-1.0000
8/27/2009,22,-4.7554,0.0000,-0.8761,-3.9035,-1.0000,-1.0000
8/27/2009,23,-4.4336,0.0000,-0.5865,-3.6325,-1.0000,-1.0000
8/28/2009,0,-4.0218,0.0000,-0.3382,-3.1756,-1.0000,-1.0000
8/28/2009,1,-3.8298,0.0000,-0.7931,-3.0919,-1.0000,-1.0000
8/28/2009,2,-3.8197,0.0000,-0.6368,-3.1424,-1.0000,-1.0000
8/28/2009,3,-3.8927,0.0000,-0.7920,-3.0660,-1.0000,-1.0000
8/28/2009,4,-4.1003,0.0000,-0.7267,-3.1554,-1.0000,-1.0000
8/28/2009,5,-4.8060,0.0000,-1.1098,-3.8901,-1.0000,-1.0000
8/28/2009,6,12.7099,37.5060,99.3085,11.0752,-0.1333,-0.1333
8/28/2009,7,150.0907,269.6839,534.0683,56.5687,2.7500,2.0500
8/28/2009,8,359.3382,524.5527,745.1172,74.8510,2.7333,1.7333
8/28/2009,9,563.9920,753.9803,852.6770,83.2306,1.1000,1.0000
8/28/2009,10,738.7780,941.8561,903.2912,89.4156,0.8333,0.8333
8/28/2009,11,862.0378,1075.2586,931.0922,95.1871,0.0000,0.0000
8/28/2009,12,925.6530,1145.0394,938.1698,99.6487,0.0000,0.0000
8/28/2009,13,926.1678,1146.4071,932.1818,103.5051,0.0000,0.0000
8/28/2009,14,851.9583,1079.2450,906.8535,105.7507,0.9000,0.6000
8/28/2009,15,711.7460,948.1197,852.2310,106.2719,0.7667,0.6333
8/28/2009,16,533.0485,761.9787,795.6168,90.5341,0.1667,0.0000
8/28/2009,17,330.0327,533.5805,671.9388,78.7800,2.3621,1.3276
8/28/2009,18,131.2752,278.8970,417.1960,60.0852,9.1356,5.4237
8/28/2009,19,3.5635,42.2981,0.2494,4.0605,4.6500,3.0000
8/28/2009,20,-6.2933,0.0000,-1.2178,-4.9313,-1.0000,-1.0000
8/28/2009,21,-4.9935,0.0000,-0.5417,-4.1019,-1.0000,-1.0000
8/28/2009,22,-5.3609,0.0000,-0.8446,-4.4278,-1.0000,-1.0000
8/28/2009,23,-5.4883,0.0000,-1.2155,-4.6589,-1.0000,-1.0000
8/29/2009,0,-3.8137,0.0000,-0.3785,-2.9598,-1.0000,-1.0000
8/29/2009,1,-3.4079,0.0000,-0.2712,-2.7502,-1.0000,-1.0000
8/29/2009,2,-4.3984,0.0000,-0.8513,-3.5556,-1.0000,-1.0000
8/29/2009,3,-5.0901,0.0000,-1.4721,-4.3451,-1.0000,-1.0000
8/29/2009,4,-4.2085,0.0000,-1.7737,-3.3424,-1.0000,-1.0000
8/29/2009,5,-4.3625,0.0000,-0.7492,-3.5227,-1.0000,-1.0000
8/29/2009,6,12.5706,35.4616,77.3353,11.4490,0.6167,0.0500
8/29/2009,7,143.7676,266.0378,497.4155,57.3044,3.8000,2.8167
8/29/2009,8,348.4487,521.1784,726.9520,76.2634,2.8667,1.7833
8/29/2009,9,524.1008,750.7706,729.1008,111.6126,5.7667,3.8333
8/29/2009,10,779.0620,938.6782,804.0098,202.0538,25.8833,15.4500
8/29/2009,11,579.4637,1071.9754,228.7195,360.7030,71.5500,48.4667
8/29/2009,12,904.2127,1141.5210,695.6739,281.5626,29.6833,14.1667
8/29/2009,13,606.6595,1142.5393,312.3153,310.6316,49.6167,30.0667
8/29/2009,14,706.9075,1074.9369,446.5920,328.1314,46.4667,25.5833
8/29/2009,15,233.5983,943.3117,30.6920,208.2680,88.4167,69.3833
8/29/2009,16,210.6443,756.6456,9.8596,209.8546,97.0667,76.6000
8/29/2009,17,154.1167,527.7354,16.2706,150.8718,96.1333,77.1667
8/29/2009,18,65.9657,272.6107,1.9763,65.9610,83.6167,48.6500
8/29/2009,19,3.0694,38.6868,-1.3562,3.3112,7.4500,2.7500
8/29/2009,20,-3.9476,0.0000,-0.1262,-3.2715,-1.0000,-1.0000
8/29/2009,21,-4.4056,0.0000,-0.8568,-3.5950,-1.0000,-1.0000
8/29/2009,22,-2.9478,0.0000,0.0895,-2.3599,-1.0000,-1.0000
8/29/2009,23,-3.9314,0.0000,-0.3904,-3.2293,-1.0000,-1.0000
8/30/2009,0,-3.8740,0.0000,-0.8713,-3.3598,-1.0000,-1.0000
8/30/2009,1,-4.3874,0.0000,-1.5358,-3.6056,-1.0000,-1.0000
8/30/2009,2,-3.8013,0.0000,-0.5119,-3.0982,-1.0000,-1.0000
8/30/2009,3,-3.3196,0.0000,-0.5599,-2.8130,-1.0000,-1.0000
8/30/2009,4,-2.5950,0.0000,0.1166,-2.2942,-1.0000,-1.0000
8/30/2009,5,-1.0869,0.0000,1.3768,-1.0126,-1.0000,-1.0000
8/30/2009,6,1.2591,33.4723,1.4810,1.2802,8.3167,3.8000
8/30/2009,7,12.5866,262.3740,2.2268,12.5866,89.0000,56.2500
8/30/2009,8,64.6268,517.7763,1.9213,64.6268,96.3167,76.6167
8/30/2009,9,225.4377,747.5228,2.9871,225.4377,99.0000,91.8500
8/30/2009,10,282.2607,935.4512,7.4005,279.6733,99.7333,91.7667
8/30/2009,11,404.6112,1068.6329,23.9904,386.3449,97.4000,78.2667
8/30/2009,12,220.5827,1137.9337,-0.6308,220.5827,98.1667,69.3833
8/30/2009,13,326.2565,1138.5945,6.6175,325.2769,98.4500,76.9833
8/30/2009,14,355.1669,1070.5468,10.0207,343.0359,98.0833,75.1000
8/30/2009,15,102.0971,938.4184,-1.8409,101.8360,98.5167,71.8500
8/30/2009,16,234.3317,751.2269,28.5784,218.9964,95.6071,69.1786
8/30/2009,17,88.4899,521.8077,0.9308,88.4899,94.6500,74.2000
8/30/2009,18,47.1540,266.2494,-0.1042,47.1540,93.5000,65.1667
8/30/2009,19,5.5649,35.2152,1.1031,5.6873,8.4500,3.0667
8/30/2009,20,-3.7754,0.0000,-0.4418,-3.1721,-1.0000,-1.0000
8/30/2009,21,-4.3565,0.0000,-2.3009,-3.4785,-1.0000,-1.0000
8/30/2009,22,-4.1511,0.0000,-0.2398,-3.4471,-1.0000,-1.0000
8/30/2009,23,-2.8869,0.0000,2.0599,-2.1427,-1.0000,-1.0000
8/31/2009,0,-3.8234,0.0000,-0.8058,-3.5418,-1.0000,-1.0000
8/31/2009,1,-4.6278,0.0000,-1.3912,-3.7412,-1.0000,-1.0000
8/31/2009,2,-2.8352,0.0000,0.4106,-2.2914,-1.0000,-1.0000
8/31/2009,3,-2.4292,0.0000,1.1576,-2.0253,-1.0000,-1.0000
8/31/2009,4,-1.9801,0.0000,1.4154,-1.6759,-1.0000,-1.0000
8/31/2009,5,-3.0719,0.0000,-0.9372,-2.6546,-1.0000,-1.0000
8/31/2009,6,9.4551,31.5381,14.8846,9.6668,10.3667,8.2167
8/31/2009,7,146.9860,258.6921,166.3874,121.8709,98.0833,88.9833
8/31/2009,8,229.9230,514.3458,184.4546,158.9065,69.2414,47.3276
8/31/2009,9,512.6262,744.2359,451.3399,274.4885,67.6000,44.1000
8/31/2009,10,667.8132,932.1746,562.9415,269.1583,42.8667,21.3333
8/31/2009,11,787.7083,1065.2301,660.1147,251.2613,15.6333,6.8667
8/31/2009,12,668.5413,1134.2766,434.9463,292.5209,37.1000,21.0833
8/31/2009,13,781.4690,1134.5725,538.3071,323.9008,49.4167,30.1167
8/31/2009,14,279.5837,1066.0742,90.6987,211.1546,84.6000,71.1167
8/31/2009,15,336.2398,933.4404,191.0984,203.8842,77.0833,59.2500
8/31/2009,16,157.9083,745.7240,42.0694,133.6208,95.6333,84.6000
8/31/2009,17,191.2802,515.7993,130.9311,148.6164,93.9500,75.4500
8/31/2009,18,42.9023,259.8154,3.6875,42.4711,76.4000,51.7667
8/31/2009,19,0.8359,31.8714,-1.9818,1.2620,11.3667,6.2333
8/31/2009,20,-3.9229,0.0000,-1.1154,-3.1041,-1.0000,-1.0000
8/31/2009,21,-5.2279,0.0000,-0.6198,-4.3474,-1.0000,-1.0000
8/31/2009,22,-4.2441,0.0000,-0.7776,-3.4633,-1.0000,-1.0000
8/31/2009,23,-4.3596,0.0000,-0.4298,-3.6053,-1.0000,-1.0000
