DATE,HOUR-MST,Avg Global PSP [W/m^2],Avg Global Extraterrestrial (calc) [W/m^2],Avg Direct NIP #2 [W/m^2],Avg Diffuse PSP (sband corr) [W/m^2],Avg Total Cloud Cover [%],Avg Opaque Cloud Cover [%]
7/1/2010,1,-5.2196,0.0000,-1.4190,-4.7105,-1.0000,-1.0000
7/1/2010,2,-5.4524,0.0000,0.3604,-4.5991,-1.0000,-1.0000
7/1/2010,3,-4.4735,0.0000,-0.3096,-3.9156,-1.0000,-1.0000
7/1/2010,4,-4.3320,0.0000,-1.1404,-3.9473,-1.0000,-1.0000
7/1/2010,5,1.4128,13.7702,50.0203,2.0779,-1.0000,-1.0000
7/1/2010,6,95.2329,195.7059,492.1082,49.8325,0.9667,0.9667
7/1/2010,7,275.0248,437.7893,733.3268,65.0857,0.8833,0.8833
7/1/2010,8,471.2932,673.6325,839.1563,65.8199,0.7000,0.7000
7/1/2010,9,665.7753,886.4115,896.3980,71.1364,1.0000,1.0000
7/1/2010,10,838.1457,1061.4940,932.1625,83.9947,2.2143,1.7857
7/1/2010,11,765.2450,1186.9041,586.1376,236.0731,45.1167,30.9667
7/1/2010,12,428.3542,1254.0745,110.7529,315.5761,86.6833,63.8167
7/1/2010,13,483.6848,1258.4165,64.7707,412.0477,84.5333,64.1333
7/1/2010,14,891.1817,1199.6287,722.0968,227.4222,25.5000,16.7333
7/1/2010,15,848.1767,1081.7170,897.8293,110.8927,1.8167,1.0167
7/1/2010,16,430.5240,912.7261,381.1216,160.5962,27.0167,19.6167
7/1/2010,17,107.5534,704.2028,1.9215,105.5765,78.0333,67.1333
7/1/2010,18,289.8380,470.4602,606.9391,106.4715,18.5333,11.0667
7/1/2010,19,102.5417,227.9752,253.7124,67.3282,32.8833,21.2333
7/1/2010,20,2.0484,26.2599,-0.6756,2.2323,5.1333,3.5667
7/1/2010,21,-2.4731,0.0000,-0.2237,-1.9631,-1.0000,-1.0000
7/1/2010,22,-3.4829,0.0000,-2.5140,-3.7610,-1.0000,-1.0000
7/1/2010,23,-3.3221,0.0000,-0.2080,-2.8628,-1.0000,-1.0000
7/2/2010,0,-3.9709,0.0000,0.5253,-3.4150,-1.0000,-1.0000
7/2/2010,1,-2.6236,0.0000,0.1059,-2.3278,-1.0000,-1.0000
7/2/2010,2,-5.7077,0.0000,-0.1826,-4.8657,-1.0000,-1.0000
7/2/2010,3,-4.7810,0.0000,-0.0884,-3.9476,-1.0000,-1.0000
7/2/2010,4,-5.0128,0.0000,-0.8336,-4.3258,-1.0000,-1.0000
7/2/2010,5,3.2818,13.1497,22.3925,3.4294,-1.0000,-1.0000
7/2/2010,6,72.5812,193.9059,179.1331,65.1506,55.6500,33.7500
7/2/2010,7,154.3823,436.0847,60.5784,143.6474,91.4500,70.2500
7/2/2010,8,182.3203,672.0889,5.1713,182.3203,95.8667,84.4833
7/2/2010,9,400.5140,885.0685,86.5148,339.9501,94.6500,76.0667
7/2/2010,10,730.9748,1060.3767,442.0876,360.8290,70.5667,49.0167
7/2/2010,11,731.9425,1186.0203,340.2025,404.5272,62.0500,36.5000
7/2/2010,12,967.2620,1253.4164,766.0356,210.1179,27.2667,17.7333
7/2/2010,13,123.1161,1257.9593,-11.9629,122.8674,93.5333,66.4167
7/2/2010,14,334.5830,1199.3342,27.7540,303.5425,81.3500,43.0000
7/2/2010,15,662.5753,1081.5349,278.8915,412.0573,69.7000,46.6500
7/2/2010,16,590.7667,912.5982,612.9735,168.7037,20.7333,14.3667
7/2/2010,17,414.0545,704.0666,656.0241,70.4001,3.8667,3.2333
7/2/2010,18,155.6633,470.2540,178.4888,111.9917,45.0667,29.7500
7/2/2010,19,66.1304,227.6438,99.3916,51.4401,76.4333,46.2333
7/2/2010,20,-0.7710,26.0440,-1.0894,-0.2773,3.9167,2.0667
7/2/2010,21,-2.8938,0.0000,0.4162,-2.3323,-1.0000,-1.0000
7/2/2010,22,-2.5541,0.0000,-0.3733,-2.0656,-1.0000,-1.0000
7/2/2010,23,-7.1593,0.0000,-0.9411,-5.7620,-1.0000,-1.0000
7/3/2010,0,-5.4135,0.0000,0.7470,-3.6614,-1.0000,-1.0000
7/3/2010,1,-1.4351,0.0000,1.0091,-1.3150,-1.0000,-1.0000
7/3/2010,2,-2.3583,0.0000,0.5337,-1.9586,-1.0000,-1.0000
7/3/2010,3,-5.8689,0.0000,-1.0059,-4.5310,-1.0000,-1.0000
7/3/2010,4,-4.7357,0.0000,0.0537,-3.8439,-1.0000,-1.0000
7/3/2010,5,1.5026,12.5174,32.2801,1.8243,-1.0000,-1.0000
7/3/2010,6,63.4748,192.0278,233.0835,35.8551,1.5167,1.2167
7/3/2010,7,295.1205,434.3143,735.5208,79.2978,3.5167,1.8000
7/3/2010,8,452.3673,670.4915,771.6134,77.6827,3.7333,3.0500
7/3/2010,9,641.5563,883.6820,818.9518,82.8958,4.2333,3.6500
7/3/2010,10,849.4813,1059.2220,945.0562,82.1610,3.7333,2.4833
7/3/2010,11,957.1617,1185.1025,833.6150,181.2977,22.2833,13.2500
7/3/2010,12,736.5630,1252.7232,503.2689,241.6638,47.6786,34.7321
7/3/2010,13,685.5870,1257.4632,455.0052,231.1424,44.7667,31.4833
7/3/2010,14,512.7615,1198.9928,292.2400,232.6186,51.4500,31.3167
7/3/2010,15,409.2090,1081.2955,104.7156,324.4393,86.3500,57.5500
7/3/2010,16,354.5768,912.4001,120.2635,267.8144,77.7333,55.4167
7/3/2010,17,186.8792,703.8464,42.9773,167.2722,95.9833,82.4167
7/3/2010,18,47.7775,469.9495,-2.0322,47.7775,91.9833,68.2500
7/3/2010,19,9.6124,227.2011,11.6677,8.2188,68.6167,39.4000
7/3/2010,20,3.6429,25.7714,34.0419,4.3565,8.0333,4.5667
7/3/2010,21,-3.1991,0.0000,0.5103,-2.3727,-1.0000,-1.0000
7/3/2010,22,-4.2292,0.0000,-1.1859,-3.1222,-1.0000,-1.0000
7/3/2010,23,-4.2168,0.0000,-0.5607,-3.3919,-1.0000,-1.0000
7/4/2010,0,-5.3235,0.0000,-0.7063,-4.1090,-1.0000,-1.0000
7/4/2010,1,-5.0358,0.0000,-0.9271,-3.7673,-1.0000,-1.0000
7/4/2010,2,-3.4054,0.0000,-1.3395,-2.3803,-1.0000,-1.0000
7/4/2010,3,-2.2223,0.0000,0.2276,-1.5926,-1.0000,-1.0000
7/4/2010,4,-0.9132,0.0000,0.1580,-0.6338,-1.0000,-1.0000
7/4/2010,5,0.5539,11.8734,-0.3370,0.7148,-1.0000,-1.0000
7/4/2010,6,16.4156,190.0735,0.0952,16.4112,57.6333,39.4833
7/4/2010,7,25.6918,432.4800,0.2939,25.6918,96.7667,80.6833
7/4/2010,8,127.5304,668.8421,6.1646,125.3409,98.6000,89.5167
7/4/2010,9,262.9407,882.2528,4.9062,262.9383,98.1667,73.9500
7/4/2010,10,487.6840,1058.0312,83.6316,417.1307,93.9333,70.4000
7/4/2010,11,462.2223,1184.1514,50.5068,417.8389,94.7000,68.8833
7/4/2010,12,460.9247,1251.9959,44.5185,418.1882,88.1500,62.7167
7/4/2010,13,292.6048,1256.9282,14.0425,280.5510,93.5500,65.6000
7/4/2010,14,546.5207,1198.6042,241.5865,333.5164,64.2833,37.2167
7/4/2010,15,473.7140,1080.9980,283.1469,227.9042,54.1167,34.2667
7/4/2010,16,462.3227,912.1312,391.8785,195.6076,55.9500,40.2333
7/4/2010,17,189.8821,703.5410,115.9141,121.0594,88.6167,69.3500
7/4/2010,18,50.9035,469.5458,-1.0093,50.1772,94.9167,75.9333
7/4/2010,19,31.2509,226.6465,0.6181,31.1727,66.3929,50.0536
7/4/2010,20,3.1840,25.4519,-1.8198,2.8229,8.0167,5.1500
7/4/2010,21,-0.0402,0.0000,0.3837,-0.0742,-1.0000,-1.0000
7/4/2010,22,-0.0626,0.0000,1.0641,-0.1566,-1.0000,-1.0000
7/4/2010,23,-0.5920,0.0000,0.9805,-0.5325,-1.0000,-1.0000
7/5/2010,0,-1.1450,0.0000,1.1164,-0.9780,-1.0000,-1.0000
7/5/2010,1,-2.1136,0.0000,0.5434,-1.7262,-1.0000,-1.0000
7/5/2010,2,-2.2727,0.0000,0.5940,-2.0308,-1.0000,-1.0000
7/5/2010,3,-2.0417,0.0000,0.5047,-1.4633,-1.0000,-1.0000
7/5/2010,4,-1.0958,0.0000,0.5918,-0.5297,-1.0000,-1.0000
7/5/2010,5,5.3577,11.2197,38.4997,5.0339,-1.0000,-1.0000
7/5/2010,6,101.7686,188.0445,510.8868,51.6264,0.9000,0.9000
7/5/2010,7,291.7333,430.5831,780.4205,64.1146,0.8167,0.8167
7/5/2010,8,500.9367,667.1421,899.7315,60.5200,0.3167,0.3167
7/5/2010,9,700.2393,880.7819,962.3237,59.2626,1.0000,1.0000
7/5/2010,10,872.1498,1056.8053,994.2268,61.3562,0.9833,0.9833
7/5/2010,11,995.1937,1183.1678,1011.9917,62.2521,0.4667,0.4667
7/5/2010,12,1060.5433,1251.2343,1021.6983,61.9733,0.0000,0.0000
7/5/2010,13,1055.3850,1256.3539,1018.3950,60.4108,0.0000,0.0000
7/5/2010,14,989.8748,1198.1691,998.0123,59.6465,0.0000,0.0000
7/5/2010,15,872.1777,1080.6419,982.2145,57.7592,0.0000,0.0000
7/5/2010,16,698.9555,911.7905,934.4433,59.0699,0.0000,0.0000
7/5/2010,17,503.0747,703.1501,881.0640,57.2570,0.0000,0.0000
7/5/2010,18,295.9032,469.0420,777.9933,56.1271,0.0000,0.0000
7/5/2010,19,106.8953,225.9792,565.6843,46.1441,0.0833,0.0833
7/5/2010,20,-1.2901,25.0779,40.8527,0.0804,-0.8167,-0.8167
7/5/2010,21,-7.2179,0.0000,-1.7583,-5.5407,-1.0000,-1.0000
7/5/2010,22,-5.7950,0.0000,-1.5034,-4.5460,-1.0000,-1.0000
7/5/2010,23,-4.3285,0.0000,-0.6689,-3.2916,-1.0000,-1.0000
7/6/2010,0,-4.0105,0.0000,-0.5978,-3.1684,-1.0000,-1.0000
7/6/2010,1,-4.5675,0.0000,-0.9752,-3.6870,-1.0000,-1.0000
7/6/2010,2,-4.1951,0.0000,-0.7138,-3.4639,-1.0000,-1.0000
7/6/2010,3,-4.4120,0.0000,-0.8448,-3.6712,-1.0000,-1.0000
7/6/2010,4,-4.4764,0.0000,-0.7284,-3.7574,-1.0000,-1.0000
7/6/2010,5,0.3818,10.5652,57.1945,0.9289,-1.0000,-1.0000
7/6/2010,6,97.7142,185.9428,566.1817,47.0333,0.2167,0.2167
7/6/2010,7,288.6580,428.6258,807.5195,58.2346,0.3000,0.3000
7/6/2010,8,489.1795,665.3929,904.8282,52.7057,0.6333,0.6333
7/6/2010,9,681.3437,879.2716,959.0442,49.7094,1.0000,1.0000
7/6/2010,10,856.3407,1055.5452,988.0082,55.3879,1.2167,1.1833
7/6/2010,11,987.7883,1182.1518,1011.0900,62.0731,0.7333,0.7333
7/6/2010,12,1045.7633,1250.4395,1009.3633,66.7961,0.2500,0.2500
7/6/2010,13,901.9247,1255.7405,761.6352,153.0676,17.3833,11.7333
7/6/2010,14,761.1793,1197.6859,552.6376,231.9851,29.2667,17.0667
7/6/2010,15,400.4930,1080.2278,172.1633,252.5726,63.1333,48.3333
7/6/2010,16,383.1344,911.3780,238.3850,212.0449,77.3333,54.0000
7/6/2010,17,33.3765,702.6725,-5.9171,33.2564,96.9000,81.0667
7/6/2010,18,259.2444,468.4371,490.9350,123.5538,81.3500,41.9500
7/6/2010,19,115.6127,225.1984,116.4690,103.6184,78.1000,48.8667
7/6/2010,20,9.3377,24.6486,-1.9853,9.6130,12.5667,7.4167
7/6/2010,21,-0.9677,0.0000,-0.1731,-0.6540,-1.0000,-1.0000
7/6/2010,22,-1.1294,0.0000,-2.3535,-1.2043,-1.0000,-1.0000
7/6/2010,23,-1.2079,0.0000,-0.2128,-1.2717,-1.0000,-1.0000
7/7/2010,0,-0.0187,0.0000,0.6873,-0.0589,-1.0000,-1.0000
7/7/2010,1,0.1451,0.0000,1.8968,-0.1253,-1.0000,-1.0000
7/7/2010,2,0.1754,0.0000,2.2274,-0.2001,-1.0000,-1.0000
7/7/2010,3,0.1421,0.0000,2.0102,-0.1732,-1.0000,-1.0000
7/7/2010,4,0.2957,0.0000,2.2725,-0.0554,-1.0000,-1.0000
7/7/2010,5,0.8030,9.8993,2.2343,0.3955,-1.0000,-1.0000
7/7/2010,6,12.7211,183.7701,0.4347,12.5978,63.4500,43.0667
7/7/2010,7,26.4458,426.6091,1.0762,26.4458,97.2000,82.0000
7/7/2010,8,88.1594,663.5962,1.7490,88.1594,99.0333,92.5333
7/7/2010,9,186.0758,877.7223,3.4427,186.0758,98.3500,75.0500
7/7/2010,10,242.6913,1054.2519,6.5476,242.6913,99.0000,72.2000
7/7/2010,11,320.7542,1181.1049,7.7482,320.5349,95.3333,54.8333
7/7/2010,12,381.5742,1249.6119,22.9401,361.5604,95.3667,59.8667
7/7/2010,13,114.7915,1255.0895,-0.7799,113.2294,95.4500,55.6667
7/7/2010,14,40.8688,1197.1548,-0.1900,40.8607,83.4833,32.2000
7/7/2010,15,453.0737,1079.7536,113.2414,349.3612,93.0167,58.0000
7/7/2010,16,158.7172,910.8925,1.7905,158.7172,97.7833,73.9667
7/7/2010,17,58.5641,702.1077,1.5955,57.6879,98.0500,78.0667
7/7/2010,18,64.9209,467.7308,1.8018,64.8179,98.0000,78.7500
7/7/2010,19,56.5020,224.3032,1.8625,56.5020,95.2833,78.5667
7/7/2010,20,5.8537,24.1637,0.3385,5.8419,6.9833,1.9500
7/7/2010,21,-1.6313,0.0000,0.7606,-1.5227,-1.0000,-1.0000
7/7/2010,22,-0.8962,0.0000,1.8519,-0.7979,-1.0000,-1.0000
7/7/2010,23,-0.5580,0.0000,1.3651,-0.6447,-1.0000,-1.0000
7/8/2010,0,-1.0195,0.0000,1.4440,-1.1202,-1.0000,-1.0000
7/8/2010,1,-2.5593,0.0000,0.7772,-2.4715,-1.0000,-1.0000
7/8/2010,2,-2.7623,0.0000,0.3048,-2.7411,-1.0000,-1.0000
7/8/2010,3,-2.9375,0.0000,0.2689,-3.1790,-1.0000,-1.0000
7/8/2010,4,-2.9720,0.0000,-0.2842,-3.1004,-1.0000,-1.0000
7/8/2010,5,0.6245,9.2457,3.6981,0.6275,-1.0000,-1.0000
7/8/2010,6,51.8057,181.5285,25.5930,51.1574,45.8333,25.4500
7/8/2010,7,78.5879,424.5355,0.9651,78.5879,94.3500,74.7500
7/8/2010,8,122.5217,661.7536,0.6318,122.5217,99.2500,92.3833
7/8/2010,9,195.1985,876.1359,2.5701,195.1985,98.5667,75.1167
7/8/2010,10,407.4433,1052.9268,5.5181,407.4433,98.9500,71.8833
7/8/2010,11,374.3135,1180.0276,4.1854,374.3135,96.5500,62.1167
7/8/2010,12,606.1395,1248.7514,77.5465,523.1194,87.9000,58.2833
7/8/2010,13,176.4323,1254.3990,-0.0603,176.4323,93.5833,55.4667
7/8/2010,14,264.7052,1196.5762,3.2680,264.6671,94.7167,56.4000
7/8/2010,15,97.2671,1079.2197,-4.5207,97.1064,96.4000,59.9167
7/8/2010,16,73.6054,910.3333,-3.3678,73.1118,97.0000,64.2167
7/8/2010,17,409.5241,701.4548,449.3563,176.0555,54.6167,35.9333
7/8/2010,18,253.8072,466.9220,421.3290,107.8342,36.7833,17.8667
7/8/2010,19,61.9060,223.2933,14.3587,61.2683,66.1333,32.3167
7/8/2010,20,1.5256,23.6397,0.7383,1.6202,-0.1000,-0.5833
7/8/2010,21,-4.4589,0.0000,-0.4630,-3.6488,-1.0000,-1.0000
7/8/2010,22,-3.2928,0.0000,-0.0656,-2.7830,-1.0000,-1.0000
7/8/2010,23,-3.7432,0.0000,-0.1640,-2.8699,-1.0000,-1.0000
7/9/2010,0,-3.8259,0.0000,-0.1353,-3.0110,-1.0000,-1.0000
7/9/2010,1,-2.9365,0.0000,0.2747,-2.6379,-1.0000,-1.0000
7/9/2010,2,-3.1641,0.0000,-0.0307,-2.5271,-1.0000,-1.0000
7/9/2010,3,-3.8540,0.0000,-0.6933,-2.8684,-1.0000,-1.0000
7/9/2010,4,-3.4835,0.0000,-0.2933,-2.6288,-1.0000,-1.0000
7/9/2010,5,0.9855,8.5891,37.0214,1.5435,-1.0000,-1.0000
7/9/2010,6,89.3247,179.2199,482.0072,48.3145,0.8333,0.8333
7/9/2010,7,270.9498,422.4065,742.8573,63.4166,0.7500,0.7500
7/9/2010,8,471.1562,659.8668,850.0715,64.2237,0.4500,0.4500
7/9/2010,9,668.6650,874.5136,917.6585,65.4797,1.0000,1.0000
7/9/2010,10,838.8668,1051.5709,953.1097,70.8501,1.0000,1.0000
7/9/2010,11,954.6910,1178.9207,942.3623,92.6628,0.7667,0.7667
7/9/2010,12,1020.1317,1247.8584,946.0400,103.7697,1.7000,1.3000
7/9/2010,13,936.3342,1253.6701,814.8086,138.2073,5.5167,3.9333
7/9/2010,14,951.9188,1195.9491,900.1110,126.4484,2.1333,1.2333
7/9/2010,15,828.5687,1078.6255,869.5973,118.2681,0.5000,0.2000
7/9/2010,16,567.1283,909.7001,609.2301,142.4005,12.9333,9.1500
7/9/2010,17,471.3037,700.7128,716.6570,112.7178,9.2500,5.3500
7/9/2010,18,224.7906,466.0098,357.6307,110.2542,20.0833,13.4000
7/9/2010,19,58.5114,222.1679,129.0968,49.1934,13.7167,9.5833
7/9/2010,20,0.5543,23.0635,0.5537,1.1415,-0.7167,-0.7167
7/9/2010,21,-4.3681,0.0000,-0.7395,-3.5274,-1.0000,-1.0000
7/9/2010,22,-3.7606,0.0000,-0.4692,-2.9160,-1.0000,-1.0000
7/9/2010,23,-4.2712,0.0000,-0.4868,-3.3811,-1.0000,-1.0000
7/10/2010,0,-4.8037,0.0000,-0.4060,-4.0034,-1.0000,-1.0000
7/10/2010,1,-4.3244,0.0000,0.5101,-3.5875,-1.0000,-1.0000
7/10/2010,2,-3.5673,0.0000,0.5880,-3.1800,-1.0000,-1.0000
7/10/2010,3,-4.2634,0.0000,-0.4462,-3.4509,-1.0000,-1.0000
7/10/2010,4,-3.1685,0.0000,0.0378,-2.6645,-1.0000,-1.0000
7/10/2010,5,1.6919,7.9348,7.9741,2.2648,-1.0000,-1.0000
7/10/2010,6,66.1245,176.8467,170.3569,57.3055,24.8000,13.0833
7/10/2010,7,271.9495,420.2242,642.5048,88.0547,13.0167,4.8000
7/10/2010,8,475.4947,657.9376,861.1740,67.9361,2.1667,1.2500
7/10/2010,9,551.7668,872.8569,576.1955,161.3419,17.6500,10.4000
7/10/2010,10,835.0097,1050.1851,888.3002,114.0462,11.4035,7.0877
7/10/2010,11,786.4680,1177.7847,546.5233,277.8142,45.7333,29.7833
7/10/2010,12,1053.6785,1246.9334,885.7623,196.1990,27.0500,16.2833
7/10/2010,13,450.0245,1252.9022,143.9585,297.4474,87.0000,67.7667
7/10/2010,14,571.3723,1195.2734,175.5361,399.2720,79.8000,44.5667
7/10/2010,15,512.9677,1077.9701,130.8399,397.3269,91.0333,55.7667
7/10/2010,16,625.0525,908.9914,568.1624,260.5366,61.6500,43.5167
7/10/2010,17,525.8715,699.8808,758.5841,144.3151,29.1500,19.4167
7/10/2010,18,220.6389,464.9934,289.0324,113.6749,55.7833,34.7667
7/10/2010,19,71.9556,220.9260,244.6500,39.7959,11.7167,6.8667
7/10/2010,20,0.1255,22.4363,-0.2641,0.5292,0.5000,-0.0500
7/10/2010,21,-2.4369,0.0000,-0.3625,-1.9093,-1.0000,-1.0000
7/10/2010,22,-3.4207,0.0000,-0.4900,-2.6350,-1.0000,-1.0000
7/10/2010,23,-4.1636,0.0000,-0.8508,-3.2514,-1.0000,-1.0000
7/11/2010,0,-5.3960,0.0000,-1.5770,-4.0861,-1.0000,-1.0000
7/11/2010,1,-5.7486,0.0000,-1.3257,-4.3543,-1.0000,-1.0000
7/11/2010,2,-5.4325,0.0000,-0.2448,-4.0834,-1.0000,-1.0000
7/11/2010,3,-4.1922,0.0000,-0.0616,-3.5971,-1.0000,-1.0000
7/11/2010,4,-2.9378,0.0000,0.0570,-2.5679,-1.0000,-1.0000
7/11/2010,5,0.6049,7.2992,30.3383,1.0893,-1.0000,-1.0000
7/11/2010,6,89.9812,174.4108,464.8613,51.7676,0.9833,0.7667
7/11/2010,7,281.3483,417.9903,736.9875,77.6806,1.5833,0.7000
7/11/2010,8,474.1545,655.9675,860.3370,67.4269,1.2143,0.7321
7/11/2010,9,664.1192,871.1672,820.4450,121.6624,7.3667,1.9833
7/11/2010,10,844.8090,1048.7703,948.7613,79.9768,2.6000,1.4333
7/11/2010,11,964.1262,1176.6202,964.4117,81.2680,1.9167,1.2000
7/11/2010,12,1033.7317,1245.9763,967.3475,94.5898,4.7000,2.5667
7/11/2010,13,773.8858,1252.0952,431.5148,333.6042,58.4000,41.6500
7/11/2010,14,408.6863,1194.5483,59.4565,352.0299,76.6500,44.6333
7/11/2010,15,49.4556,1077.2525,-7.1718,49.4045,95.7833,58.9667
7/11/2010,16,198.5152,908.2065,2.2218,198.5152,96.7667,75.1333
7/11/2010,17,102.1665,698.9579,1.0043,101.5274,95.0333,76.9333
7/11/2010,18,81.1403,463.8717,0.9028,80.5884,92.7167,69.0500
7/11/2010,19,9.7411,219.5671,7.0559,9.6802,81.3833,44.8333
7/11/2010,20,-0.4637,21.7758,4.2130,0.0574,3.0833,1.6833
7/11/2010,21,-3.3913,0.0000,-0.2732,-2.6895,-1.0000,-1.0000
7/11/2010,22,-2.5528,0.0000,0.2389,-2.1406,-1.0000,-1.0000
7/11/2010,23,-3.0268,0.0000,-0.1766,-2.3650,-1.0000,-1.0000
7/12/2010,0,-2.8377,0.0000,-0.1109,-2.3623,-1.0000,-1.0000
7/12/2010,1,-5.6824,0.0000,-0.9171,-4.3994,-1.0000,-1.0000
7/12/2010,2,-4.2898,0.0000,-0.4186,-3.5126,-1.0000,-1.0000
7/12/2010,3,-5.3710,0.0000,-0.9222,-4.1675,-1.0000,-1.0000
7/12/2010,4,-3.9116,0.0000,-0.4459,-3.1761,-1.0000,-1.0000
7/12/2010,5,-1.0663,6.6701,31.3666,-0.4111,-1.0000,-1.0000
7/12/2010,6,83.8569,171.9145,485.6807,44.6950,0.7667,0.7667
7/12/2010,7,268.1563,415.7068,763.1358,60.7164,0.6167,0.6167
7/12/2010,8,469.0345,653.9580,864.0895,61.7381,0.7857,0.7857
7/12/2010,9,671.9645,869.4454,919.1097,69.4381,1.6167,1.2500
7/12/2010,10,800.1233,1047.3275,855.9535,110.0928,6.4000,4.0500
7/12/2010,11,983.0870,1175.4273,942.9288,121.9510,9.6000,5.3000
7/12/2010,12,1068.1488,1244.9870,976.2177,125.8696,10.4500,5.7000
7/12/2010,13,822.1048,1251.2484,662.9502,165.1292,17.5333,10.7333
7/12/2010,14,908.9342,1193.7729,802.6004,164.2267,15.4000,8.9833
7/12/2010,15,814.5357,1076.4720,803.2895,157.9560,17.8500,10.6167
7/12/2010,16,687.4795,907.3440,806.6184,146.9238,24.6333,15.3833
7/12/2010,17,401.9258,697.9425,566.2414,103.0372,20.1333,13.3333
7/12/2010,18,240.2441,462.6437,532.6599,97.1130,21.2500,14.0667
7/12/2010,19,105.0645,218.0903,536.2228,50.1046,3.0500,2.1667
7/12/2010,20,-1.9864,21.0632,25.8613,-0.5507,-0.6667,-0.6667
7/12/2010,21,-5.7905,0.0000,-1.0032,-4.5727,-1.0000,-1.0000
7/12/2010,22,-5.7360,0.0000,-0.8310,-4.5426,-1.0000,-1.0000
7/12/2010,23,-4.8724,0.0000,0.0553,-4.0635,-1.0000,-1.0000
7/13/2010,0,-5.4155,0.0000,-0.3235,-4.4540,-1.0000,-1.0000
7/13/2010,1,-5.5012,0.0000,-0.9673,-4.4107,-1.0000,-1.0000
7/13/2010,2,-4.1806,0.0000,-0.3971,-3.2749,-1.0000,-1.0000
7/13/2010,3,-4.3771,0.0000,-0.3982,-3.4635,-1.0000,-1.0000
7/13/2010,4,-4.2903,0.0000,-0.6320,-3.4064,-1.0000,-1.0000
7/13/2010,5,-0.3917,6.0508,28.3089,0.1760,-1.0000,-1.0000
7/13/2010,6,83.9182,169.3599,482.1605,45.4296,0.7333,0.7333
7/13/2010,7,268.0812,413.3754,753.7558,62.5340,1.0000,1.0000
7/13/2010,8,471.2848,651.9107,875.6907,59.1255,1.0000,1.0000
7/13/2010,9,666.5098,867.6927,928.2952,60.9632,1.2000,1.1833
7/13/2010,10,838.1735,1045.8568,954.2122,72.9217,1.4500,1.1500
7/13/2010,11,956.0452,1174.2062,916.9507,122.7279,10.7667,6.6000
7/13/2010,12,802.6880,1243.9651,543.6374,263.3768,43.1333,30.2167
7/13/2010,13,515.9722,1250.3611,189.8049,322.9087,78.1500,57.2000
7/13/2010,14,468.6522,1192.9460,169.6378,300.9827,67.8500,43.3333
7/13/2010,15,577.7723,1075.6267,356.6859,292.3887,69.8667,49.5333
7/13/2010,16,384.1595,906.4026,293.8400,176.0147,50.3214,35.9821
7/13/2010,17,173.0135,696.8337,9.4225,170.2303,84.5833,65.6333
7/13/2010,18,143.2319,461.3081,99.1523,115.2391,74.6500,54.7333
7/13/2010,19,49.8491,216.4948,30.0556,48.3247,47.8000,29.4000
7/13/2010,20,0.2753,20.3223,15.1727,0.9283,1.4167,0.7500
7/13/2010,21,-4.3346,0.0000,-0.6085,-3.2826,-1.0000,-1.0000
7/13/2010,22,-2.5605,0.0000,0.2060,-2.1701,-1.0000,-1.0000
7/13/2010,23,-4.3655,0.0000,-0.7141,-3.2457,-1.0000,-1.0000
7/14/2010,0,-3.7601,0.0000,0.2539,-2.9720,-1.0000,-1.0000
7/14/2010,1,-7.0509,0.0000,-2.8760,-5.2516,-1.0000,-1.0000
7/14/2010,2,-3.8661,0.0000,0.0340,-3.0170,-1.0000,-1.0000
7/14/2010,3,-4.7837,0.0000,-1.3387,-3.6252,-1.0000,-1.0000
7/14/2010,4,-2.9407,0.0000,0.0880,-2.3026,-1.0000,-1.0000
7/14/2010,5,1.6674,5.4569,0.1788,2.0320,-1.0000,-1.0000
7/14/2010,6,73.6992,166.7491,97.2367,68.3156,53.7333,27.7667
7/14/2010,7,296.0932,410.9977,460.5225,178.4613,76.3167,34.5500
7/14/2010,8,506.3575,649.8268,623.0873,212.7915,70.7167,34.5167
7/14/2010,9,728.1937,865.9097,866.3323,166.0443,28.7833,9.6500
7/14/2010,10,808.4417,1044.3589,849.9462,114.9769,7.4833,3.8667
7/14/2010,11,976.5018,1172.9566,873.4955,173.0231,18.5167,10.9000
7/14/2010,12,746.8553,1242.9099,531.5745,237.7742,37.6667,25.1667
7/14/2010,13,699.3968,1249.4323,386.6924,318.4447,65.2333,47.5500
7/14/2010,14,642.4422,1192.0665,453.8550,204.3943,27.1500,16.7167
7/14/2010,15,733.6393,1074.7156,638.6808,196.9387,29.2667,18.6167
7/14/2010,16,445.1515,905.3809,337.0492,214.7796,44.5667,30.9833
7/14/2010,17,275.1870,695.6298,212.5135,162.6536,41.4500,29.9833
7/14/2010,18,137.9113,459.8638,105.0221,101.9905,70.0167,51.7000
7/14/2010,19,21.4665,214.7797,6.9394,21.4096,81.8000,62.9167
7/14/2010,20,0.9985,19.5349,21.5387,1.2972,10.3667,10.2500
7/14/2010,21,-6.4776,0.0000,1.6537,-4.4303,-1.0000,-1.0000
7/14/2010,22,-4.1597,0.0000,0.2204,-3.0327,-1.0000,-1.0000
7/14/2010,23,-3.6621,0.0000,-0.1023,-2.9006,-1.0000,-1.0000
7/15/2010,0,-3.5302,0.0000,-0.3571,-2.6260,-1.0000,-1.0000
7/15/2010,1,-3.7692,0.0000,-0.3494,-2.9058,-1.0000,-1.0000
7/15/2010,2,-3.1397,0.0000,-0.1238,-2.3573,-1.0000,-1.0000
7/15/2010,3,-3.1267,0.0000,-0.1881,-2.3546,-1.0000,-1.0000
7/15/2010,4,-4.0212,0.0000,-0.6435,-3.1761,-1.0000,-1.0000
7/15/2010,5,-0.7891,4.8816,0.3109,-0.4336,-1.0000,-1.0000
7/15/2010,6,69.0437,164.0842,243.4445,47.1337,10.5333,7.7333
7/15/2010,7,243.5567,408.5752,600.8702,84.0264,5.6667,4.4167
7/15/2010,8,443.3172,647.7072,758.5020,88.5800,5.9167,4.4000
7/15/2010,9,645.6965,864.0970,868.0685,84.4300,1.1500,1.0000
7/15/2010,10,824.3502,1042.8334,920.5307,88.2092,1.0000,1.0000
7/15/2010,11,949.0958,1171.6783,951.1508,86.3153,0.6667,0.6667
7/15/2010,12,1008.9087,1241.8206,956.1513,89.7378,0.0833,0.0833
7/15/2010,13,1013.3865,1248.4607,958.7822,85.5530,0.0333,0.0333
7/15/2010,14,952.4312,1191.1327,943.0253,88.5110,0.1333,0.1333
7/15/2010,15,838.7952,1073.7368,921.8427,84.6253,0.0000,0.0000
7/15/2010,16,677.8325,904.2770,891.0502,77.3008,0.0167,0.0167
7/15/2010,17,480.4698,694.3293,821.1695,73.0897,0.9000,0.9000
7/15/2010,18,277.2860,458.3096,714.3333,64.2701,1.1000,1.0000
7/15/2010,19,92.3266,212.9445,481.6982,44.8641,1.0000,1.0000
7/15/2010,20,-1.9301,18.7255,17.1706,-0.7804,-0.7667,-0.7667
7/15/2010,21,-6.7583,0.0000,-1.9787,-5.1015,-1.0000,-1.0000
7/15/2010,22,-4.8233,0.0000,-0.9495,-3.5136,-1.0000,-1.0000
7/15/2010,23,-5.0756,0.0000,-1.1278,-4.0484,-1.0000,-1.0000
7/16/2010,0,-4.9373,0.0000,-1.2601,-3.9559,-1.0000,-1.0000
7/16/2010,1,-3.2002,0.0000,0.8902,-3.0132,-1.0000,-1.0000
7/16/2010,2,-4.5497,0.0000,-1.4303,-3.5314,-1.0000,-1.0000
7/16/2010,3,-4.0020,0.0000,-0.5560,-2.9309,-1.0000,-1.0000
7/16/2010,4,-4.6233,0.0000,-1.2634,-3.4177,-1.0000,-1.0000
7/16/2010,5,-1.6717,4.3251,29.0614,-0.7296,-1.0000,-1.0000
7/16/2010,6,85.1831,161.3670,544.8587,44.9746,0.0667,0.0667
7/16/2010,7,278.4155,406.1095,822.9697,58.8788,0.6000,0.6000
7/16/2010,8,488.5233,645.5526,937.0133,52.6542,0.7167,0.7167
7/16/2010,9,682.4653,862.2549,982.8208,49.4755,1.0000,1.0000
7/16/2010,10,840.2090,1041.2804,984.1817,57.9846,1.0333,1.0333
7/16/2010,11,965.7068,1170.3701,1005.7665,57.7047,0.5667,0.5667
7/16/2010,12,1038.8833,1240.6958,1019.8333,59.7490,0.0000,0.0000
7/16/2010,13,1039.5667,1247.4446,1013.6150,61.6914,0.0333,0.0333
7/16/2010,14,982.0447,1190.1430,1003.0632,64.1357,0.0000,0.0000
7/16/2010,15,862.1447,1072.6887,979.9618,63.4194,0.0000,0.0000
7/16/2010,16,692.0818,903.0896,938.7352,61.1129,0.0000,0.0000
7/16/2010,17,492.8830,692.9310,878.1882,58.1772,0.0000,0.0000
7/16/2010,18,283.2073,456.6446,758.7598,57.2384,0.4167,0.4167
7/16/2010,19,93.1536,210.9885,514.6983,41.7735,1.0000,1.0000
7/16/2010,20,-5.4506,17.8758,5.9878,-3.9552,-0.8500,-0.8500
7/16/2010,21,-7.0466,0.0000,-1.6271,-5.3877,-1.0000,-1.0000
7/16/2010,22,-5.9358,0.0000,-1.4096,-4.8988,-1.0000,-1.0000
7/16/2010,23,-5.4192,0.0000,-1.0268,-4.4289,-1.0000,-1.0000
7/17/2010,0,-5.1011,0.0000,-1.1463,-4.1432,-1.0000,-1.0000
7/17/2010,1,-4.8361,0.0000,-0.6396,-4.0290,-1.0000,-1.0000
7/17/2010,2,-4.8881,0.0000,-0.5574,-3.8426,-1.0000,-1.0000
7/17/2010,3,-5.9018,0.0000,-0.9980,-4.7934,-1.0000,-1.0000
7/17/2010,4,-5.0056,0.0000,-0.1191,-4.5181,-1.0000,-1.0000
7/17/2010,5,-2.5205,3.7902,9.9522,-1.7889,-1.0000,-1.0000
7/17/2010,6,78.0988,158.5995,408.3616,47.6821,4.2167,1.4833
7/17/2010,7,246.9860,403.6013,644.7420,74.8906,3.3000,1.9833
7/17/2010,8,457.1725,643.3640,843.6775,64.5851,1.8667,1.5833
7/17/2010,9,656.5948,860.3836,923.5898,63.6046,1.0000,1.0000
7/17/2010,10,834.1757,1039.6993,956.9930,74.2881,1.1667,1.0000
7/17/2010,11,962.0327,1169.0314,974.5698,82.9680,1.5614,1.1053
7/17/2010,12,1032.9450,1239.5344,970.1917,101.9955,5.9833,3.7000
7/17/2010,13,1047.1600,1246.3828,961.7578,121.6733,10.2000,5.7667
7/17/2010,14,770.1467,1189.0956,562.1171,248.2163,30.2167,19.5500
7/17/2010,15,465.5788,1071.5695,135.4041,350.9009,66.2833,47.2167
7/17/2010,16,419.9867,901.8167,157.5570,308.8746,73.6833,54.3167
7/17/2010,17,263.9073,691.4334,85.7842,223.4586,81.7667,60.6333
7/17/2010,18,190.1948,454.8676,201.8977,143.2797,76.3167,53.4500
7/17/2010,19,40.3917,208.9114,35.9394,33.6546,54.8000,37.0167
7/17/2010,20,-2.2725,17.0088,-1.6632,-1.3324,3.3667,2.0833
7/17/2010,21,-5.9609,0.0000,-1.1557,-4.4421,-1.0000,-1.0000
7/17/2010,22,-5.3693,0.0000,-0.6776,-4.2991,-1.0000,-1.0000
7/17/2010,23,-5.3372,0.0000,-0.6485,-4.2310,-1.0000,-1.0000
7/18/2010,0,-4.7811,0.0000,-1.1957,-3.5932,-1.0000,-1.0000
7/18/2010,1,-4.1414,0.0000,-0.4955,-3.1231,-1.0000,-1.0000
7/18/2010,2,-4.1602,0.0000,-0.6764,-3.2582,-1.0000,-1.0000
7/18/2010,3,-3.9367,0.0000,-0.6406,-3.2562,-1.0000,-1.0000
7/18/2010,4,-3.9505,0.0000,-0.5693,-3.2033,-1.0000,-1.0000
7/18/2010,5,-1.7396,3.2881,3.7690,-1.2345,-1.0000,-1.0000
7/18/2010,6,63.9103,155.7833,277.3877,45.3068,3.4667,2.0833
7/18/2010,7,184.5137,401.0522,351.8916,92.0666,15.6667,8.0500
7/18/2010,8,383.2596,641.1418,525.5914,138.9569,26.2167,15.8833
7/18/2010,9,720.3267,858.4830,851.5305,170.6032,28.7167,17.4333
7/18/2010,10,885.1293,1038.0896,867.5273,183.8568,24.8667,14.2000
7/18/2010,11,914.7258,1167.6611,740.2590,217.7665,23.6333,15.5500
7/18/2010,12,887.1140,1238.3349,632.0590,282.3102,44.6167,29.7333
7/18/2010,13,549.2203,1245.2733,272.4215,276.5240,58.4000,43.2667
7/18/2010,14,965.4587,1187.9887,906.9983,137.5422,8.6667,4.2000
7/18/2010,15,671.9855,1070.3773,497.2448,246.4840,46.1667,31.7000
7/18/2010,16,581.6982,900.4570,622.6295,177.7287,42.5667,33.5833
7/18/2010,17,447.9642,689.8352,723.9495,80.2572,2.0667,1.5167
7/18/2010,18,186.0840,452.9778,329.5827,82.9927,16.9667,11.4667
7/18/2010,19,89.6306,206.7129,351.1105,62.6156,24.4833,11.7333
7/18/2010,20,-2.1629,16.1157,9.0278,-0.7451,-0.2333,-0.4000
7/18/2010,21,-6.0823,0.0000,-0.7165,-4.7791,-1.0000,-1.0000
7/18/2010,22,-6.3242,0.0000,-1.2642,-4.9128,-1.0000,-1.0000
7/18/2010,23,-4.5051,0.0000,-0.6186,-3.6736,-1.0000,-1.0000
7/19/2010,0,-4.3108,0.0000,-0.6758,-3.4243,-1.0000,-1.0000
7/19/2010,1,-4.7884,0.0000,-0.8443,-3.5899,-1.0000,-1.0000
7/19/2010,2,-4.6685,0.0000,-0.2405,-3.7136,-1.0000,-1.0000
7/19/2010,3,-5.8148,0.0000,-0.1410,-4.7774,-1.0000,-1.0000
7/19/2010,4,-5.2947,0.0000,-0.1775,-4.4447,-1.0000,-1.0000
7/19/2010,5,-2.9128,2.8158,9.3825,-2.2476,-1.0000,-1.0000
7/19/2010,6,71.8680,152.9202,418.6692,41.3829,0.6000,0.6000
7/19/2010,7,186.6948,398.4628,433.9544,91.2657,19.2167,13.2500
7/19/2010,8,199.2671,638.8864,92.4364,151.4457,49.2333,38.5167
7/19/2010,9,182.5155,856.5531,0.2646,182.4734,88.2500,59.7500
7/19/2010,10,165.8945,1036.4509,0.0643,165.8945,91.8833,57.4000
7/19/2010,11,530.4142,1166.2582,314.3338,240.1702,61.7000,34.9333
7/19/2010,12,1065.3115,1237.0959,947.1272,167.6621,17.1500,9.5333
7/19/2010,13,828.6850,1244.1146,661.7493,186.9903,37.3167,23.8500
7/19/2010,14,785.8872,1186.8207,586.1985,237.3725,32.9167,18.2833
7/19/2010,15,562.8023,1069.1107,389.1184,244.8522,49.6000,33.9167
7/19/2010,16,245.3918,899.0089,200.4372,115.8000,78.0167,52.3000
7/19/2010,17,524.0178,688.1354,788.4417,145.5859,24.9500,14.1000
7/19/2010,18,277.4886,450.9744,617.5638,97.5761,19.5333,11.5000
7/19/2010,19,60.7024,204.3928,240.2627,39.7115,7.9167,5.0500
7/19/2010,20,-3.2083,15.1978,-2.2538,-1.8135,-0.2000,-0.4000
7/19/2010,21,-5.5695,0.0000,-1.3851,-4.3982,-1.0000,-1.0000
7/19/2010,22,-4.4027,0.0000,-0.9460,-3.4992,-1.0000,-1.0000
7/19/2010,23,-5.1765,0.0000,-1.2777,-3.9656,-1.0000,-1.0000
7/20/2010,0,-3.0457,0.0000,0.4644,-2.5531,-1.0000,-1.0000
7/20/2010,1,-2.9390,0.0000,-3.0058,-2.1573,-1.0000,-1.0000
7/20/2010,2,-2.8159,0.0000,-1.4567,-1.9445,-1.0000,-1.0000
7/20/2010,3,-3.6549,0.0000,-1.0229,-3.2882,-1.0000,-1.0000
7/20/2010,4,-2.8040,0.0000,-0.1865,-2.2797,-1.0000,-1.0000
7/20/2010,5,-0.6469,2.3723,-0.0210,-0.2235,-1.0000,-1.0000
7/20/2010,6,27.0004,150.0118,1.8200,27.0004,75.5833,70.8667
7/20/2010,7,26.9920,395.8342,-0.5092,26.9920,97.3500,86.0167
7/20/2010,8,50.4701,636.5984,0.7861,50.4701,98.5714,86.6607
7/20/2010,9,134.4051,854.5935,3.2349,134.0094,97.4035,60.5614
7/20/2010,10,271.2323,1034.7821,8.1102,271.2323,97.6000,64.2000
7/20/2010,11,321.0885,1164.8215,4.8679,321.0885,95.8500,61.6167
7/20/2010,12,242.3817,1235.8159,3.0871,242.3817,95.6000,57.5167
7/20/2010,13,574.8488,1242.9051,116.4397,461.0427,88.2667,66.9333
7/20/2010,14,320.5098,1185.5898,30.6286,292.1547,77.8833,45.2500
7/20/2010,15,671.4488,1067.7678,491.7040,270.5825,46.9500,30.4500
7/20/2010,16,208.1182,897.4711,45.1168,174.5553,81.5667,52.0000
7/20/2010,17,70.8065,686.3328,-0.2901,69.4299,95.9667,68.2333
7/20/2010,18,41.1260,448.8571,2.8734,40.5609,94.3833,57.7167
7/20/2010,19,25.1301,201.9513,29.8684,24.6007,89.5000,72.1500
7/20/2010,20,3.8361,14.2767,3.1194,3.2186,5.7333,5.7333
7/20/2010,21,0.3507,0.0000,2.3555,-0.7754,-1.0000,-1.0000
7/20/2010,22,2.2090,0.0000,1.3628,-0.2085,-1.0000,-1.0000
7/20/2010,23,1.5073,0.0000,0.8873,-0.9854,-1.0000,-1.0000
7/21/2010,0,-1.9766,0.0000,0.1317,-2.5029,-1.0000,-1.0000
7/21/2010,1,-2.6040,0.0000,-0.1777,-2.3820,-1.0000,-1.0000
7/21/2010,2,-1.3841,0.0000,0.9094,-1.2300,-1.0000,-1.0000
7/21/2010,3,-2.7783,0.0000,-0.4585,-2.0390,-1.0000,-1.0000
7/21/2010,4,-0.0304,0.0000,2.2711,-0.1336,-1.0000,-1.0000
7/21/2010,5,-2.1790,1.9597,-0.9465,-1.7395,-1.0000,-1.0000
7/21/2010,6,31.2385,147.0597,2.7862,31.2385,58.1667,32.0500
7/21/2010,7,150.7881,393.1670,92.3203,122.5198,87.7500,59.4500
7/21/2010,8,418.3150,634.2777,682.0813,98.3025,11.3000,5.7833
7/21/2010,9,543.9422,852.6041,388.6868,271.4248,46.7667,28.5167
7/21/2010,10,849.3720,1033.0828,865.8437,161.7226,14.2167,6.5667
7/21/2010,11,891.1352,1163.3499,579.8187,358.5256,47.2833,21.3667
7/21/2010,12,622.8777,1234.4938,166.7459,442.5196,77.0167,48.5500
7/21/2010,13,488.9622,1241.6430,82.2792,408.4571,94.0833,67.5167
7/21/2010,14,86.2307,1184.2945,-10.3861,86.2307,89.2500,44.1667
7/21/2010,15,680.4473,1066.3474,526.5610,275.9555,60.6500,37.8833
7/21/2010,16,394.1840,895.8421,194.1595,261.8297,85.0500,61.3333
7/21/2010,17,317.8083,684.4266,396.9895,142.5720,42.8667,31.4000
7/21/2010,18,263.3560,446.6252,737.0888,51.3506,0.4000,0.4000
7/21/2010,19,54.5967,199.3884,256.9969,23.0320,2.2833,2.0000
7/21/2010,20,-4.6498,13.3416,-3.2780,-3.4609,-0.7333,-0.7833
7/21/2010,21,-4.5288,0.0000,0.1695,-3.2364,-1.0000,-1.0000
7/21/2010,22,-2.8841,0.0000,-0.2424,-2.3550,-1.0000,-1.0000
7/21/2010,23,-3.3170,0.0000,-0.6376,-2.4369,-1.0000,-1.0000
7/22/2010,0,-4.2311,0.0000,-0.3350,-3.3644,-1.0000,-1.0000
7/22/2010,1,-2.9850,0.0000,0.4725,-2.3575,-1.0000,-1.0000
7/22/2010,2,-4.6041,0.0000,-0.2714,-3.6980,-1.0000,-1.0000
7/22/2010,3,-3.2607,0.0000,0.1647,-2.6325,-1.0000,-1.0000
7/22/2010,4,-3.6442,0.0000,0.2049,-2.9206,-1.0000,-1.0000
7/22/2010,5,-2.6620,1.5803,-0.1408,-2.1427,-1.0000,-1.0000
7/22/2010,6,65.7790,144.0653,308.9636,39.3018,2.2167,0.9667
7/22/2010,7,232.4183,390.4622,588.9035,84.2534,10.7500,4.7833
7/22/2010,8,478.5433,631.9247,777.3325,126.6993,19.4000,8.8500
7/22/2010,9,520.3967,850.5848,303.3388,322.2436,62.3667,42.5000
7/22/2010,10,561.2035,1031.3522,280.5723,294.1099,43.4667,30.9000
7/22/2010,11,731.5112,1161.8425,463.7368,290.2159,46.7333,29.5500
7/22/2010,12,175.7915,1233.1281,-4.6826,175.7915,92.6333,55.9000
7/22/2010,13,218.2063,1240.3273,1.6326,218.2063,91.8333,60.8167
7/22/2010,14,263.2688,1182.9334,2.0322,261.8962,90.4667,55.5500
7/22/2010,15,821.5582,1064.8481,786.6544,183.1506,20.8667,12.9833
7/22/2010,16,655.4487,894.1212,758.4772,142.5442,11.9667,6.8667
7/22/2010,17,274.8666,682.4159,303.1265,109.2018,46.4167,27.2167
7/22/2010,18,73.8987,444.2783,2.5020,71.4584,89.8333,69.2333
7/22/2010,19,74.0969,196.7045,185.1511,59.2885,33.2000,16.1500
7/22/2010,20,1.1445,12.3973,0.0984,0.5809,-0.8167,-0.9000
7/22/2010,21,-0.6643,0.0000,-0.0079,-2.4721,-1.0000,-1.0000
7/22/2010,22,0.3776,0.0000,0.7092,-2.2411,-1.0000,-1.0000
7/22/2010,23,-1.1798,0.0000,-0.0623,-2.7043,-1.0000,-1.0000
7/23/2010,0,-2.7681,0.0000,-0.2111,-3.1680,-1.0000,-1.0000
7/23/2010,1,-3.7348,0.0000,-0.4031,-3.3880,-1.0000,-1.0000
7/23/2010,2,-4.7833,0.0000,-0.7728,-4.1138,-1.0000,-1.0000
7/23/2010,3,-3.5352,0.0000,0.1635,-3.1152,-1.0000,-1.0000
7/23/2010,4,-2.9507,0.0000,-0.2314,-2.4506,-1.0000,-1.0000
7/23/2010,5,-1.4340,1.2385,0.5052,-0.9508,-1.0000,-1.0000
7/23/2010,6,39.4422,141.0303,22.4139,38.9850,32.6500,11.0000
7/23/2010,7,162.1026,387.7205,225.1471,96.2249,33.8833,19.5000
7/23/2010,8,510.5560,629.5398,812.0238,148.3890,21.3500,13.0667
7/23/2010,9,710.2898,848.5352,746.7308,242.7201,42.4333,17.4000
7/23/2010,10,604.7422,1029.5898,283.9868,373.1174,82.1833,47.2833
7/23/2010,11,882.8013,1160.2983,658.6112,288.7174,43.6167,17.4000
7/23/2010,12,849.8625,1231.7177,427.2495,432.3140,77.0500,36.7167
7/23/2010,13,761.4672,1238.9566,331.3525,432.6167,78.4500,44.8500
7/23/2010,14,903.4720,1181.5050,724.1187,240.0056,31.4333,14.6833
7/23/2010,15,824.6537,1063.2686,641.4407,299.0033,43.1964,22.9286
7/23/2010,16,696.3018,892.3073,632.7157,280.4039,52.2000,29.6833
7/23/2010,17,253.2997,680.3003,116.9889,193.7216,68.3667,39.6333
7/23/2010,18,170.9778,441.8164,56.9744,160.3582,88.7667,61.2500
7/23/2010,19,63.1827,193.8999,10.3479,62.5303,81.4000,50.5500
7/23/2010,20,0.0521,11.4496,-0.9827,1.0014,-0.1833,-0.6667
7/23/2010,21,-3.2381,0.0000,0.2595,-2.6139,-1.0000,-1.0000
7/23/2010,22,-3.6490,0.0000,-1.2821,-2.8142,-1.0000,-1.0000
7/23/2010,23,-3.0430,0.0000,-1.2083,-2.0409,-1.0000,-1.0000
7/24/2010,0,-3.4540,0.0000,-0.5868,-2.4781,-1.0000,-1.0000
7/24/2010,1,-1.6335,0.0000,-0.7558,-1.1243,-1.0000,-1.0000
7/24/2010,2,-1.1192,0.0000,-0.5037,-0.7191,-1.0000,-1.0000
7/24/2010,3,-1.0338,0.0000,0.0351,-0.7084,-1.0000,-1.0000
7/24/2010,4,-1.2225,0.0000,0.1584,-0.8663,-1.0000,-1.0000
7/24/2010,5,-0.6749,0.9396,1.0369,-0.4548,-1.0000,-1.0000
7/24/2010,6,19.4782,137.9559,2.0811,19.4782,55.2833,35.9500
7/24/2010,7,111.8627,384.9425,4.5722,111.7073,97.2000,80.3000
7/24/2010,8,327.0495,627.1232,45.5691,306.9519,98.0167,86.5333
7/24/2010,9,581.0225,846.4553,557.7790,204.7189,30.9667,14.4667
7/24/2010,10,760.9717,1027.7950,811.6950,113.8697,5.1167,2.6500
7/24/2010,11,938.5470,1158.7166,928.9332,103.5037,0.5833,0.5833
7/24/2010,12,1004.5288,1230.2615,948.7815,97.8438,0.0000,0.0000
7/24/2010,13,1006.4242,1237.5296,922.8758,118.7976,1.4667,0.5167
7/24/2010,14,851.4513,1180.0085,535.0323,361.0569,41.1833,13.3000
7/24/2010,15,802.0908,1061.6082,623.2397,300.4710,43.4333,16.0167
7/24/2010,16,298.8955,890.3996,78.0108,239.5443,73.7333,51.1000
7/24/2010,17,154.0790,678.0794,1.5418,154.0790,93.3898,83.0000
7/24/2010,18,110.7417,439.2393,4.0292,110.7417,95.8833,83.6333
7/24/2010,19,67.4318,190.9754,8.6514,66.9521,71.3500,49.7000
7/24/2010,20,-2.6293,10.5135,-0.9832,-1.6946,-0.8500,-0.9000
7/24/2010,21,-4.7755,0.0000,-0.7932,-3.7877,-1.0000,-1.0000
7/24/2010,22,-5.9238,0.0000,-0.7668,-4.7410,-1.0000,-1.0000
7/24/2010,23,-4.2498,0.0000,-0.5931,-3.2776,-1.0000,-1.0000
7/25/2010,0,-3.2670,0.0000,-0.0581,-2.6132,-1.0000,-1.0000
7/25/2010,1,-4.4581,0.0000,-0.1032,-3.6073,-1.0000,-1.0000
7/25/2010,2,-3.7716,0.0000,-0.6115,-2.9384,-1.0000,-1.0000
7/25/2010,3,-3.7266,0.0000,-0.2453,-2.9463,-1.0000,-1.0000
7/25/2010,4,-4.7829,0.0000,-0.8555,-3.8144,-1.0000,-1.0000
7/25/2010,5,-3.0418,0.6789,1.1286,-2.1739,-1.0000,-1.0000
7/25/2010,6,50.8244,134.8439,264.9217,32.0314,0.4333,0.4333
7/25/2010,7,232.5557,382.1289,660.3610,67.7954,1.6333,1.3667
7/25/2010,8,293.2555,624.6751,330.9568,140.0725,33.4667,11.7833
7/25/2010,9,439.6905,844.3450,248.9805,269.4883,67.5179,26.3750
7/25/2010,10,637.7275,1025.9673,457.7688,260.7918,42.3833,18.1500
7/25/2010,11,847.5467,1157.0965,684.7463,207.2880,11.5167,3.2167
7/25/2010,12,981.8587,1228.7587,834.7752,163.1947,9.4286,4.7143
7/25/2010,13,1018.5955,1236.0454,944.3178,117.9732,4.7333,2.5000
7/25/2010,14,728.0163,1178.4426,346.4764,377.3825,46.2321,30.1964
7/25/2010,15,483.1822,1059.8657,188.6767,313.9698,76.0000,55.3500
7/25/2010,16,211.8270,888.3974,9.5214,207.6460,93.2679,81.7679
7/25/2010,17,394.5007,675.7525,467.8302,176.2260,40.2833,27.7500
7/25/2010,18,251.5409,436.5471,660.0450,63.2542,5.4500,2.5667
7/25/2010,19,68.8821,187.9312,327.1073,35.7808,4.2667,2.3667
7/25/2010,20,-3.1094,9.5849,1.4993,-1.8089,-1.0000,-1.0000
7/25/2010,21,-4.9737,0.0000,-0.7106,-3.8524,-1.0000,-1.0000
7/25/2010,22,-5.5052,0.0000,-1.1623,-4.2960,-1.0000,-1.0000
7/25/2010,23,-3.6601,0.0000,-0.0663,-3.1963,-1.0000,-1.0000
7/26/2010,0,-3.6694,0.0000,-0.5066,-3.1176,-1.0000,-1.0000
7/26/2010,1,-4.2067,0.0000,-1.0040,-3.4015,-1.0000,-1.0000
7/26/2010,2,-3.9522,0.0000,-0.9499,-2.9550,-1.0000,-1.0000
7/26/2010,3,-3.7802,0.0000,-0.4992,-2.7625,-1.0000,-1.0000
7/26/2010,4,-4.5251,0.0000,-1.4007,-3.3609,-1.0000,-1.0000
7/26/2010,5,-3.6477,0.4579,0.9021,-2.9881,-1.0000,-1.0000
7/26/2010,6,56.8591,131.6956,382.1870,33.3535,0.4000,0.4000
7/26/2010,7,231.5063,379.2806,702.0178,58.8517,1.0000,1.0000
7/26/2010,8,437.5987,622.1960,838.1392,61.6504,0.9833,0.9833
7/26/2010,9,634.8332,842.2041,914.7623,62.3308,1.0000,1.0000
7/26/2010,10,804.5552,1024.1067,949.5693,66.7308,1.0000,1.0000
7/26/2010,11,935.4078,1155.4373,967.8918,74.7479,0.5667,0.5667
7/26/2010,12,1001.1980,1227.2083,973.3108,79.1814,0.0000,0.0000
7/26/2010,13,1001.6660,1234.5032,966.2417,81.9199,0.1333,0.1333
7/26/2010,14,941.6633,1176.8066,950.5777,85.7661,0.0000,0.0000
7/26/2010,15,811.3357,1058.0404,908.1020,87.0712,0.0000,0.0000
7/26/2010,16,648.2590,886.3001,867.0037,81.7541,0.5500,0.2833
7/26/2010,17,453.0108,673.3195,792.4725,75.4909,0.8833,0.6333
7/26/2010,18,250.7967,433.7398,668.9855,63.2215,1.0000,1.0000
7/26/2010,19,70.3821,184.7682,379.1360,36.9171,0.9000,0.9000
7/26/2010,20,-7.5617,8.6683,-1.2466,-5.7525,-1.0000,-1.0000
7/26/2010,21,-6.1960,0.0000,-0.6250,-4.8272,-1.0000,-1.0000
7/26/2010,22,-5.6109,0.0000,-1.5763,-4.6339,-1.0000,-1.0000
7/26/2010,23,-4.6824,0.0000,-0.1962,-3.8614,-1.0000,-1.0000
7/27/2010,0,-4.4672,0.0000,-0.1178,-3.7523,-1.0000,-1.0000
7/27/2010,1,-4.0357,0.0000,-0.0720,-3.1191,-1.0000,-1.0000
7/27/2010,2,-3.2807,0.0000,0.0862,-2.7751,-1.0000,-1.0000
7/27/2010,3,-2.2093,0.0000,0.4184,-1.7891,-1.0000,-1.0000
7/27/2010,4,-3.3270,0.0000,-0.7558,-2.4805,-1.0000,-1.0000
7/27/2010,5,-2.0712,0.2782,0.1136,-1.2487,-1.0000,-1.0000
7/27/2010,6,51.3911,128.5124,285.9811,34.5293,0.3167,0.3167
7/27/2010,7,227.2215,376.3980,632.7598,73.8091,2.6500,1.4167
7/27/2010,8,433.7565,619.6859,775.6673,91.0642,2.6333,1.4500
7/27/2010,9,597.8637,840.0327,763.6938,117.9068,4.9167,2.0333
7/27/2010,10,793.2298,1022.2124,873.0002,110.6186,4.1833,1.6833
7/27/2010,11,939.3023,1153.7387,904.7183,133.2859,5.2167,2.5167
7/27/2010,12,1017.5577,1225.6098,913.2877,151.6862,11.1833,6.7667
7/27/2010,13,360.8784,1232.9019,239.2965,124.3213,60.1333,35.9333
7/27/2010,14,37.2756,1175.0996,-6.2403,37.2756,87.8333,45.5333
7/27/2010,15,133.1506,1056.1317,0.0046,132.9508,96.9464,66.7500
7/27/2010,16,104.5511,884.1075,1.1753,104.5511,97.7679,72.8393
7/27/2010,17,223.1638,670.7801,22.4627,214.5426,91.1500,66.7333
7/27/2010,18,87.0257,430.8174,-0.7616,87.0257,93.5833,70.3833
7/27/2010,19,44.2154,181.4871,1.0960,44.2154,73.9333,51.3833
7/27/2010,20,-0.6957,7.7695,-0.7835,-0.3357,-1.0000,-1.0000
7/27/2010,21,-1.6890,0.0000,0.4352,-1.3662,-1.0000,-1.0000
7/27/2010,22,-4.1816,0.0000,-1.0047,-2.6828,-1.0000,-1.0000
7/27/2010,23,-1.8819,0.0000,0.1660,-1.4935,-1.0000,-1.0000
7/28/2010,0,-1.8652,0.0000,0.4751,-1.5033,-1.0000,-1.0000
7/28/2010,1,-2.6278,0.0000,-0.6374,-1.9424,-1.0000,-1.0000
7/28/2010,2,-2.7688,0.0000,-0.4462,-1.9970,-1.0000,-1.0000
7/28/2010,3,-2.1631,0.0000,-0.4184,-1.5810,-1.0000,-1.0000
7/28/2010,4,-2.6862,0.0000,-0.7758,-1.9674,-1.0000,-1.0000
7/28/2010,5,-1.5762,0.1412,0.0524,-0.9537,-1.0000,-1.0000
7/28/2010,6,60.6758,125.2960,87.4066,57.9888,62.0833,54.5333
7/28/2010,7,118.3936,373.4822,50.9072,109.9295,96.3500,82.5333
7/28/2010,8,466.0540,617.1456,375.3173,295.6158,81.8333,61.3833
7/28/2010,9,521.0750,837.8309,222.0920,371.4326,85.7667,61.6500
7/28/2010,10,670.8097,1020.2845,321.9339,409.3030,76.2500,53.7000
7/28/2010,11,927.0780,1152.0001,867.8692,154.0615,11.8167,6.7667
7/28/2010,12,959.6672,1223.9624,825.5343,168.8516,8.7500,4.9000
7/28/2010,13,975.2893,1231.2410,758.4448,244.4271,15.9667,7.6500
7/28/2010,14,599.3408,1173.3210,145.5638,450.2012,57.2833,35.0333
7/28/2010,15,300.0963,1054.1391,79.3900,226.7192,87.5333,60.1667
7/28/2010,16,492.0757,881.8188,384.8733,244.1826,56.2333,35.9833
7/28/2010,17,507.9195,668.1343,806.7688,126.8877,21.6333,8.7167
7/28/2010,18,152.4562,427.7802,198.6622,82.9584,35.0167,22.5000
7/28/2010,19,18.2327,178.0889,-1.2174,18.2327,21.3833,9.5667
7/28/2010,20,-3.1198,6.8941,-1.2441,-2.2705,-1.0000,-1.0000
7/28/2010,21,-3.5798,0.0000,0.1910,-2.9150,-1.0000,-1.0000
7/28/2010,22,-3.1065,0.0000,1.0697,-2.6782,-1.0000,-1.0000
7/28/2010,23,-3.0454,0.0000,0.6188,-2.4644,-1.0000,-1.0000
7/29/2010,0,-3.1610,0.0000,0.7799,-2.6219,-1.0000,-1.0000
7/29/2010,1,-3.4926,0.0000,0.4285,-2.9798,-1.0000,-1.0000
7/29/2010,2,-2.8647,0.0000,1.2032,-2.2938,-1.0000,-1.0000
7/29/2010,3,-4.7235,0.0000,-0.0928,-3.8226,-1.0000,-1.0000
7/29/2010,4,-3.4969,0.0000,0.0997,-2.9368,-1.0000,-1.0000
7/29/2010,5,-3.6651,0.0480,0.0126,-2.5807,-1.0000,-1.0000
7/29/2010,6,53.6729,122.0479,327.8080,33.7592,0.5500,0.4333
7/29/2010,7,221.4437,370.5336,673.8407,58.0745,1.0000,1.0000
7/29/2010,8,424.3002,614.5751,797.0623,67.7228,3.1667,1.1500
7/29/2010,9,618.3523,835.5986,859.3543,75.1128,1.1333,1.0000
7/29/2010,10,793.3685,1018.3223,899.0302,88.7811,1.7000,1.0000
7/29/2010,11,936.6543,1150.2208,911.3968,122.7159,5.1833,2.4500
7/29/2010,12,999.3138,1222.2654,820.5083,205.0043,22.0333,11.2833
7/29/2010,13,872.3297,1229.5197,620.1094,266.2310,30.8000,16.6500
7/29/2010,14,235.6533,1171.4701,1.9050,235.6533,84.1667,54.1167
7/29/2010,15,192.1462,1052.0618,-3.1562,192.1195,95.2667,68.4500
7/29/2010,16,167.6935,879.4340,1.1413,167.6935,97.8000,75.5000
7/29/2010,17,282.1023,665.3820,70.5271,246.5186,81.8500,58.5167
7/29/2010,18,125.5733,424.6287,31.4438,118.6644,72.7500,50.1667
7/29/2010,19,10.7609,174.5744,-2.1159,10.7609,38.0500,16.2667
7/29/2010,20,-2.6139,6.0474,-0.8332,-2.0590,-1.0000,-1.0000
7/29/2010,21,-5.8527,0.0000,-0.9146,-4.6156,-1.0000,-1.0000
7/29/2010,22,-2.2311,0.0000,0.8668,-1.8409,-1.0000,-1.0000
7/29/2010,23,-3.6413,0.0000,0.2855,-2.9780,-1.0000,-1.0000
7/30/2010,0,-3.9304,0.0000,-0.0869,-3.2471,-1.0000,-1.0000
7/30/2010,1,-3.2728,0.0000,-0.0148,-2.8219,-1.0000,-1.0000
7/30/2010,2,-2.8573,0.0000,0.0416,-2.4141,-1.0000,-1.0000
7/30/2010,3,-1.7258,0.0000,0.7512,-1.4086,-1.0000,-1.0000
7/30/2010,4,-2.6302,0.0000,-0.0237,-1.9844,-1.0000,-1.0000
7/30/2010,5,-1.7835,0.0000,0.0451,-1.3493,-1.0000,-1.0000
7/30/2010,6,17.2890,118.7696,0.3284,17.2841,12.3000,8.5667
7/30/2010,7,181.2551,367.5531,397.7358,66.6406,16.4333,11.6500
7/30/2010,8,290.8145,611.9750,431.7923,85.2548,9.8833,8.8833
7/30/2010,9,618.7897,833.3357,869.3487,73.8885,4.6833,4.1000
7/30/2010,10,788.5202,1016.3261,930.3422,66.1289,1.0833,1.0667
7/30/2010,11,909.7087,1148.4006,939.5898,74.6841,0.5500,0.5500
7/30/2010,12,986.7213,1220.5184,959.8532,76.9576,0.5333,0.3667
7/30/2010,13,1007.0433,1227.7375,962.2633,96.9680,3.8167,2.0000
7/30/2010,14,834.0700,1169.5463,716.7429,188.1183,22.6500,14.2667
7/30/2010,15,586.8242,1049.8995,419.4260,238.7817,59.9167,42.9333
7/30/2010,16,265.1675,876.9527,51.5534,234.5858,74.0833,53.9500
7/30/2010,17,192.2838,662.5232,21.3652,178.7995,85.9500,65.6333
7/30/2010,18,67.5391,421.3629,-0.3897,67.5391,83.1833,50.8000
7/30/2010,19,3.9980,170.9449,-2.6084,3.8122,62.8667,30.7333
7/30/2010,20,1.4100,5.2348,5.9647,-0.0302,-1.0000,-1.0000
7/30/2010,21,-1.2562,0.0000,1.1530,-1.2668,-1.0000,-1.0000
7/30/2010,22,-0.2088,0.0000,1.3146,-0.7485,-1.0000,-1.0000
7/30/2010,23,-0.8250,0.0000,0.4747,-1.4969,-1.0000,-1.0000
7/31/2010,0,-3.4349,0.0000,-0.5887,-3.1501,-1.0000,-1.0000
7/31/2010,1,-3.1421,0.0000,-0.1434,-2.6723,-1.0000,-1.0000
7/31/2010,2,-3.9922,0.0000,-0.7198,-3.4805,-1.0000,-1.0000
7/31/2010,3,-3.3332,0.0000,-0.5103,-2.9094,-1.0000,-1.0000
7/31/2010,4,-2.8154,0.0000,-0.4002,-2.3252,-1.0000,-1.0000
7/31/2010,5,-1.4887,0.0000,-0.0174,-1.0049,-1.0000,-1.0000
7/31/2010,6,32.7377,115.4624,42.9065,31.9803,9.6333,2.8833
7/31/2010,7,213.1382,364.5414,435.3637,103.8104,20.6833,7.0167
7/31/2010,8,359.5088,609.3458,444.1410,163.4752,43.4500,10.3000
7/31/2010,9,623.8707,831.0427,779.6645,135.2268,10.0000,2.3500
7/31/2010,10,763.6963,1014.2954,845.4257,102.3810,4.9333,1.8500
7/31/2010,11,915.7252,1146.5391,959.4790,67.2936,0.4833,0.4833
7/31/2010,12,981.9388,1218.7209,964.5912,69.8308,0.0000,0.0000
7/31/2010,13,988.6253,1225.8937,938.8637,94.5057,3.7500,2.4167
7/31/2010,14,940.3913,1167.5490,953.1818,86.7901,3.1333,1.6000
7/31/2010,15,593.8522,1047.6519,488.4035,208.5193,27.0667,15.7167
7/31/2010,16,334.0080,874.3748,217.3278,199.7692,38.4833,22.4167
7/31/2010,17,264.3138,659.5583,218.8137,166.8351,42.7000,22.1667
7/31/2010,18,204.2783,417.9836,268.6455,138.1580,64.4333,30.0167
7/31/2010,19,51.9963,167.2015,19.6457,51.6359,66.0667,32.9833
7/31/2010,20,-2.6720,4.4617,-2.3061,-1.6529,-1.0000,-1.0000
7/31/2010,21,-3.8499,0.0000,-0.4672,-2.8666,-1.0000,-1.0000
7/31/2010,22,-4.5036,0.0000,-0.9351,-3.5032,-1.0000,-1.0000
7/31/2010,23,-3.9900,0.0000,-0.6818,-3.1631,-1.0000,-1.0000
8/1/2010,0,-3.4265,0.0000,-0.3499,-2.6772,-1.0000,-1.0000
8/1/2010,1,-4.4887,0.0000,-1.2640,-3.3644,-1.0000,-1.0000
8/1/2010,2,-4.2363,0.0000,-1.1093,-3.4168,-1.0000,-1.0000
8/1/2010,3,-3.6420,0.0000,-0.7432,-2.7780,-1.0000,-1.0000
8/1/2010,4,-3.6012,0.0000,-0.4356,-2.8563,-1.0000,-1.0000
8/1/2010,5,-4.5341,0.0000,-0.1364,-3.1493,-1.0000,-1.0000
8/1/2010,6,54.5580,112.1790,213.9699,38.9518,1.7667,0.3500
8/1/2010,7,219.3395,361.4994,604.7387,81.6058,3.6667,1.4667
8/1/2010,8,455.7300,606.6875,793.1142,115.1270,9.7333,2.7667
8/1/2010,9,385.0990,828.7195,165.3348,278.1591,46.7167,28.2667
8/1/2010,10,424.6883,1012.2301,23.2150,411.2629,78.7500,51.7000
8/1/2010,11,775.4642,1144.6360,286.7024,495.5545,90.1333,54.9167
8/1/2010,12,969.4813,1216.8723,560.5508,416.0736,64.6500,38.9667
8/1/2010,13,1024.4082,1223.9881,870.9005,199.2896,20.0667,9.2667
8/1/2010,14,471.1402,1165.4783,155.9132,303.1989,58.1667,36.2833
8/1/2010,15,166.5122,1045.3189,-5.3364,166.3393,94.1000,63.4667
8/1/2010,16,119.7333,871.7004,0.1722,119.7333,97.7000,71.5333
8/1/2010,17,26.3421,656.4872,-8.2924,26.1187,95.7500,69.0500
8/1/2010,18,39.5162,414.4911,-0.1412,38.1734,96.5167,79.2000
8/1/2010,19,16.8817,163.3458,1.3398,14.8611,69.2167,36.6333
8/1/2010,20,-1.7423,3.7333,-0.5269,-2.2839,-1.0000,-1.0000
8/1/2010,21,-0.1870,0.0000,1.0849,-0.8204,-1.0000,-1.0000
8/1/2010,22,-1.6088,0.0000,0.9017,-1.5361,-1.0000,-1.0000
8/1/2010,23,-1.3419,0.0000,1.0621,-1.3179,-1.0000,-1.0000
8/2/2010,0,-1.1786,0.0000,0.7183,-1.1203,-1.0000,-1.0000
8/2/2010,1,-1.2023,0.0000,0.7832,-0.9643,-1.0000,-1.0000
8/2/2010,2,-2.5224,0.0000,0.2533,-1.9025,-1.0000,-1.0000
8/2/2010,3,-3.0194,0.0000,-0.0296,-2.3828,-1.0000,-1.0000
8/2/2010,4,-3.3429,0.0000,0.3056,-2.7361,-1.0000,-1.0000
8/2/2010,5,-2.3682,0.0000,-0.0232,-1.9220,-1.0000,-1.0000
8/2/2010,6,50.7988,108.9178,219.2084,35.6726,12.6833,2.6000
8/2/2010,7,252.5512,358.4276,689.0083,94.6496,27.9167,7.9500
8/2/2010,8,376.6592,604.0011,556.8476,151.7769,34.5833,20.6333
8/2/2010,9,454.9845,826.3664,110.9348,384.9005,89.6500,64.2833
8/2/2010,10,464.2125,1010.1303,69.5329,395.9418,81.4667,54.3000
8/2/2010,11,843.9352,1142.6910,383.9327,466.8740,71.2167,44.2833
8/2/2010,12,982.4913,1214.9725,635.5713,356.8884,51.9167,32.6000
8/2/2010,13,841.0188,1222.0202,373.6330,451.1833,62.1167,37.7333
8/2/2010,14,671.1130,1163.3335,463.5483,249.6135,34.9500,20.2333
8/2/2010,15,251.4649,1042.8999,79.5439,176.6053,88.9500,63.2500
8/2/2010,16,48.8532,868.9293,-3.4526,48.8532,95.6500,57.6000
8/2/2010,17,57.4554,653.3103,-2.5607,57.3933,96.7500,69.8333
8/2/2010,18,33.2348,410.8862,0.8235,33.2344,96.9500,75.1167
8/2/2010,19,6.4119,159.3791,-4.3719,5.0035,60.1333,36.6500
8/2/2010,20,-2.6308,3.0546,-0.2605,-3.1414,-1.0000,-1.0000
8/2/2010,21,-2.6743,0.0000,-0.7565,-2.1193,-1.0000,-1.0000
8/2/2010,22,-1.4337,0.0000,0.5107,-0.9949,-1.0000,-1.0000
8/2/2010,23,-1.8468,0.0000,0.1657,-1.4843,-1.0000,-1.0000
8/3/2010,0,-2.8166,0.0000,0.0630,-2.2598,-1.0000,-1.0000
8/3/2010,1,-2.6903,0.0000,-0.2468,-2.0868,-1.0000,-1.0000
8/3/2010,2,-2.7897,0.0000,-0.2800,-2.1139,-1.0000,-1.0000
8/3/2010,3,-2.5864,0.0000,-0.1266,-1.9592,-1.0000,-1.0000
8/3/2010,4,-3.3775,0.0000,-0.5200,-2.5250,-1.0000,-1.0000
8/3/2010,5,-2.3966,0.0000,-0.0668,-1.8587,-1.0000,-1.0000
8/3/2010,6,48.6371,105.6811,332.1987,29.5785,-0.1333,-0.1333
8/3/2010,7,146.1435,355.3270,433.5451,58.8131,4.1500,3.9000
8/3/2010,8,393.1911,601.2867,737.4887,62.8929,4.2500,3.9167
8/3/2010,9,677.8227,823.9835,890.4222,142.8804,25.9833,15.8333
8/3/2010,10,839.8478,1007.9959,931.0552,140.2841,21.6500,10.5667
8/3/2010,11,807.0005,1140.7040,662.9759,207.7660,18.6167,9.5667
8/3/2010,12,933.6233,1213.0211,770.6510,199.2273,18.9167,10.4500
8/3/2010,13,353.2830,1219.9897,101.6209,243.7699,57.4167,36.8833
8/3/2010,14,489.3582,1161.1143,198.2107,309.2219,81.2833,52.9167
8/3/2010,15,648.9228,1040.3955,323.9901,384.8884,83.5833,63.1000
8/3/2010,16,408.2013,866.0619,256.2664,243.1058,77.3333,57.1500
8/3/2010,17,41.4484,650.0281,-2.4995,41.4484,95.7000,69.0667
8/3/2010,18,149.8444,407.1695,266.8230,98.9350,88.5167,66.7333
8/3/2010,19,79.2351,155.3031,207.2006,57.3508,34.2167,16.6167
8/3/2010,20,-2.2383,2.4305,-0.5101,-1.5942,-1.0000,-1.0000
8/3/2010,21,-2.2181,0.0000,-0.5207,-1.5658,-1.0000,-1.0000
8/3/2010,22,-2.1602,0.0000,-0.1461,-1.4535,-1.0000,-1.0000
8/3/2010,23,-2.1293,0.0000,-0.2398,-1.5939,-1.0000,-1.0000
8/4/2010,0,-2.6288,0.0000,-0.0252,-2.0882,-1.0000,-1.0000
8/4/2010,1,-4.2167,0.0000,-2.1431,-2.9788,-1.0000,-1.0000
8/4/2010,2,-1.6082,0.0000,0.5949,-1.1919,-1.0000,-1.0000
8/4/2010,3,-1.6863,0.0000,-0.3432,-1.2655,-1.0000,-1.0000
8/4/2010,4,-1.5246,0.0000,0.4913,-1.1173,-1.0000,-1.0000
8/4/2010,5,-2.7609,0.0000,-0.2248,-2.0551,-1.0000,-1.0000
8/4/2010,6,26.9819,102.4713,35.6560,23.2805,15.0500,9.6167
8/4/2010,7,222.5835,352.1984,473.7607,116.3814,35.7500,18.6833
8/4/2010,8,380.1772,598.5451,353.6611,220.2576,72.0000,44.7167
8/4/2010,9,449.0160,821.5711,314.4040,241.5170,59.1833,36.0667
8/4/2010,10,815.1450,1005.8271,909.6975,122.0939,8.4667,4.4667
8/4/2010,11,914.4067,1138.6751,936.0437,98.3063,1.5167,1.3000
8/4/2010,12,971.0798,1211.0181,945.8177,88.2382,1.3167,1.0500
8/4/2010,13,838.6010,1217.8965,727.1214,151.3567,16.5667,9.5167
8/4/2010,14,606.3893,1158.8209,428.4494,219.1963,51.2667,35.9500
8/4/2010,15,173.6252,1037.8050,-0.4310,173.6252,98.6333,83.0667
8/4/2010,16,380.8783,863.0982,85.6077,329.6737,91.8333,66.1333
8/4/2010,17,185.6385,646.6409,42.0742,167.8983,92.3333,65.2833
8/4/2010,18,65.5848,403.3416,-1.0951,65.5848,82.7000,49.7000
8/4/2010,19,36.8606,151.1196,4.2313,36.7033,42.8333,14.6167
8/4/2010,20,-2.4643,1.8659,-0.5928,-1.9391,-1.0000,-1.0000
8/4/2010,21,-4.3164,0.0000,-0.4182,-3.5280,-1.0000,-1.0000
8/4/2010,22,-4.2630,0.0000,-0.1925,-3.5385,-1.0000,-1.0000
8/4/2010,23,-3.1262,0.0000,-0.2294,-2.5377,-1.0000,-1.0000
8/5/2010,0,-3.9441,0.0000,-0.7262,-3.0966,-1.0000,-1.0000
8/5/2010,1,-1.9256,0.0000,0.6247,-1.6224,-1.0000,-1.0000
8/5/2010,2,-2.7179,0.0000,0.2035,-2.2116,-1.0000,-1.0000
8/5/2010,3,-2.3956,0.0000,0.3373,-1.9256,-1.0000,-1.0000
8/5/2010,4,-2.7333,0.0000,-0.5162,-2.1340,-1.0000,-1.0000
8/5/2010,5,-3.8515,0.0000,-0.4362,-2.7361,-1.0000,-1.0000
8/5/2010,6,43.0055,99.2906,130.9324,34.3784,8.2167,4.0167
8/5/2010,7,169.6629,349.0427,325.3060,77.7502,22.0167,11.1167
8/5/2010,8,415.3402,595.7768,829.4105,59.4981,1.3500,1.1000
8/5/2010,9,609.6895,819.1297,897.0835,61.0121,1.0500,1.0500
8/5/2010,10,784.9400,1003.6240,940.1852,66.6801,1.0333,1.0333
8/5/2010,11,908.6573,1136.6041,951.6910,75.1405,1.0500,0.8667
8/5/2010,12,979.5725,1208.9633,964.2858,81.7212,3.5833,2.8000
8/5/2010,13,570.4590,1215.7405,232.5133,330.6482,50.0000,32.3500
8/5/2010,14,433.6460,1156.4531,65.7108,367.6577,79.2333,53.9667
8/5/2010,15,192.4672,1035.1290,2.3563,190.8393,89.3667,65.1000
8/5/2010,16,558.8505,860.0385,363.3788,311.6394,75.5667,53.9667
8/5/2010,17,149.4150,643.1494,-2.9128,149.2371,89.0500,68.8000
8/5/2010,18,35.1909,399.4035,-3.7015,35.1909,93.5167,71.5000
8/5/2010,19,3.7844,146.8306,-6.3850,2.6549,41.6333,22.9833
8/5/2010,20,0.2050,1.3653,0.7154,-0.2969,-1.0000,-1.0000
8/5/2010,21,-3.3858,0.0000,0.8955,-3.2756,-1.0000,-1.0000
8/5/2010,22,-3.1338,0.0000,-0.0477,-2.3566,-1.0000,-1.0000
8/5/2010,23,-3.5741,0.0000,-0.6895,-2.6481,-1.0000,-1.0000
8/6/2010,0,-3.0925,0.0000,-0.2853,-2.4511,-1.0000,-1.0000
8/6/2010,1,-2.3077,0.0000,-0.0053,-1.7947,-1.0000,-1.0000
8/6/2010,2,-2.7868,0.0000,-0.2256,-2.1943,-1.0000,-1.0000
8/6/2010,3,-3.0042,0.0000,-0.2444,-2.4452,-1.0000,-1.0000
8/6/2010,4,-2.5798,0.0000,-0.1943,-2.0430,-1.0000,-1.0000
8/6/2010,5,-2.1983,0.0000,0.2444,-1.6141,-1.0000,-1.0000
8/6/2010,6,32.0277,96.1415,80.4941,25.3403,10.3500,5.2667
8/6/2010,7,212.0795,345.8610,679.6805,58.8869,3.2667,2.9500
8/6/2010,8,406.5027,592.9826,834.6902,51.3749,1.0000,1.0000
8/6/2010,9,600.0180,816.6599,902.2710,54.7945,1.0000,1.0000
8/6/2010,10,777.3312,1001.3870,942.4347,61.9744,1.0000,1.0000
8/6/2010,11,907.1097,1134.4911,965.7382,69.3340,1.3500,1.0333
8/6/2010,12,1020.1722,1206.8567,922.2067,162.2990,15.7500,9.5333
8/6/2010,13,451.8698,1213.5218,182.4720,274.9099,68.2333,42.8000
8/6/2010,14,713.4455,1154.0109,536.3532,223.4940,43.8500,26.8667
8/6/2010,15,339.3953,1032.3673,190.2652,172.6409,79.9833,54.5833
8/6/2010,16,278.4781,856.8832,106.8912,215.1669,85.9167,61.6333
8/6/2010,17,422.7525,639.5536,669.1273,134.6305,37.2333,26.8333
8/6/2010,18,241.5540,395.3559,740.5735,58.4664,8.0000,2.9000
8/6/2010,19,50.4706,142.4383,313.7634,26.2028,2.2833,0.6500
8/6/2010,20,-5.7395,0.9332,-2.2601,-3.9044,-1.0000,-1.0000
8/6/2010,21,-3.9895,0.0000,-0.5180,-3.1943,-1.0000,-1.0000
8/6/2010,22,-4.1844,0.0000,-1.1674,-3.2791,-1.0000,-1.0000
8/6/2010,23,-3.6929,0.0000,-0.3823,-2.8547,-1.0000,-1.0000
8/7/2010,0,-3.5919,0.0000,-0.7753,-2.8422,-1.0000,-1.0000
8/7/2010,1,-4.5289,0.0000,-0.9338,-3.4104,-1.0000,-1.0000
8/7/2010,2,-4.6173,0.0000,-0.9112,-3.7115,-1.0000,-1.0000
8/7/2010,3,-3.9406,0.0000,-0.2935,-3.3241,-1.0000,-1.0000
8/7/2010,4,-3.7139,0.0000,-0.6816,-3.0103,-1.0000,-1.0000
8/7/2010,5,-2.7635,0.0000,-0.1989,-2.2703,-1.0000,-1.0000
8/7/2010,6,50.5557,93.0260,325.1991,34.7085,4.0167,2.2833
8/7/2010,7,210.7272,342.6542,657.0517,68.1250,5.8333,3.7833
8/7/2010,8,382.8777,590.1631,746.0613,55.2339,1.0667,1.0000
8/7/2010,9,608.4672,814.1617,921.7417,53.5696,1.0000,1.0000
8/7/2010,10,776.2162,999.1160,946.9508,58.1264,1.0000,1.0000
8/7/2010,11,923.2785,1132.3362,969.4557,83.0833,5.1833,3.4000
8/7/2010,12,926.8920,1204.6983,798.8957,169.6312,19.3000,12.3333
8/7/2010,13,401.1032,1211.2401,205.9479,195.6163,46.0667,30.7333
8/7/2010,14,439.3725,1151.4943,132.4314,319.1539,73.9500,47.7333
8/7/2010,15,387.0842,1029.5201,236.6440,187.5078,80.5833,57.2667
8/7/2010,16,96.2005,853.6323,-2.7808,96.1819,96.1167,73.3667
8/7/2010,17,112.1659,635.8546,15.1793,105.3312,90.7667,65.4333
8/7/2010,18,220.8241,391.1995,558.4846,77.3091,13.6667,7.9500
8/7/2010,19,39.7678,137.9445,234.1754,24.1776,0.5833,0.4167
8/7/2010,20,-4.7258,0.5797,-1.3919,-3.4826,-1.0000,-1.0000
8/7/2010,21,-3.0118,0.0000,0.6549,-2.3793,-1.0000,-1.0000
8/7/2010,22,-3.0926,0.0000,0.2979,-2.3398,-1.0000,-1.0000
8/7/2010,23,-2.8240,0.0000,0.2946,-2.1517,-1.0000,-1.0000
8/8/2010,0,-2.5646,0.0000,-0.0685,-1.9972,-1.0000,-1.0000
8/8/2010,1,-4.9645,0.0000,-2.2300,-4.1921,-1.0000,-1.0000
8/8/2010,2,-2.9003,0.0000,0.3514,-2.1191,-1.0000,-1.0000
8/8/2010,3,-1.4635,0.0000,0.8830,-1.1521,-1.0000,-1.0000
8/8/2010,4,-3.7594,0.0000,-0.8732,-3.0541,-1.0000,-1.0000
8/8/2010,5,-3.6603,0.0000,0.5559,-2.6736,-1.0000,-1.0000
8/8/2010,6,43.1845,89.9463,193.5665,30.4478,6.7333,2.5500
8/8/2010,7,223.1377,339.4234,515.7178,112.5913,51.0333,25.4333
8/8/2010,8,417.5383,587.3192,838.7047,62.5745,5.1167,2.5167
8/8/2010,9,628.6683,811.6360,893.4020,90.1317,9.8333,5.6333
8/8/2010,10,787.9385,996.8114,940.7052,71.7903,4.0500,2.9000
8/8/2010,11,978.0767,1130.1394,927.1273,172.1132,25.1000,18.2500
8/8/2010,12,921.8478,1202.4878,627.6665,326.4817,51.0000,32.9167
8/8/2010,13,726.5335,1208.8952,492.6898,257.4522,46.2500,27.5000
8/8/2010,14,548.5497,1148.9029,317.5633,258.4414,52.7333,31.1167
8/8/2010,15,529.3061,1026.5871,428.0498,200.2501,40.3333,27.6333
8/8/2010,16,82.9253,850.2861,-2.9918,82.9253,87.1667,59.0833
8/8/2010,17,350.8231,632.0524,334.8073,214.1546,77.0500,56.1000
8/8/2010,18,129.3519,386.9352,81.6097,102.9141,83.4500,65.2167
8/8/2010,19,63.8517,133.3520,113.8655,60.9049,69.4000,57.3333
8/8/2010,20,-1.9312,0.3086,-1.3427,-1.1176,-1.0000,-1.0000
8/8/2010,21,-2.1279,0.0000,0.2676,-1.8573,-1.0000,-1.0000
8/8/2010,22,-2.1664,0.0000,-0.1443,-1.6868,-1.0000,-1.0000
8/8/2010,23,-2.1634,0.0000,0.0455,-1.8244,-1.0000,-1.0000
8/9/2010,0,-3.0088,0.0000,-1.1051,-2.4001,-1.0000,-1.0000
8/9/2010,1,-3.2485,0.0000,0.2595,-2.6599,-1.0000,-1.0000
8/9/2010,2,-2.7506,0.0000,-0.0663,-2.3881,-1.0000,-1.0000
8/9/2010,3,-2.4150,0.0000,0.3088,-1.9947,-1.0000,-1.0000
8/9/2010,4,-1.8664,0.0000,0.2902,-1.6433,-1.0000,-1.0000
8/9/2010,5,-2.2065,0.0000,0.1017,-1.8736,-1.0000,-1.0000
8/9/2010,6,5.6453,86.9044,-0.2272,5.7073,26.8167,13.0500
8/9/2010,7,53.0000,336.1697,1.2893,52.9924,94.3500,73.8667
8/9/2010,8,199.5617,584.4516,40.9394,185.1468,95.6833,73.8667
8/9/2010,9,356.5665,809.0829,128.3856,281.8432,96.5833,75.0000
8/9/2010,10,517.0112,994.4732,235.2527,336.8096,71.4333,48.2667
8/9/2010,11,905.3067,1127.9003,782.5199,205.8767,25.8500,16.9000
8/9/2010,12,986.0765,1200.2249,963.2203,97.0462,3.1667,1.9500
8/9/2010,13,769.4070,1206.4865,618.8358,195.3932,23.3333,15.5000
8/9/2010,14,780.0022,1146.2366,492.6115,314.9186,49.2167,32.3333
8/9/2010,15,113.1617,1023.5685,10.6473,94.8706,92.0500,62.4833
8/9/2010,16,15.5982,846.8446,-4.7602,14.4734,85.7167,42.7667
8/9/2010,17,15.5748,628.1475,-1.7344,15.4856,86.2833,45.2167
8/9/2010,18,98.1473,382.5634,10.8628,96.6659,95.9833,73.7667
8/9/2010,19,78.8889,128.6629,244.7548,62.3932,32.4167,13.6667
8/9/2010,20,1.8549,0.1192,-0.1120,1.7087,-1.0000,-1.0000
8/9/2010,21,2.3555,0.0000,0.3508,1.0058,-1.0000,-1.0000
8/9/2010,22,3.0089,0.0000,-0.4798,-0.0030,-1.0000,-1.0000
8/9/2010,23,3.5272,0.0000,0.0356,-0.9690,-1.0000,-1.0000
8/10/2010,0,-0.0825,0.0000,-1.2756,-3.1306,-1.0000,-1.0000
8/10/2010,1,-0.5139,0.0000,-0.2663,-3.0417,-1.0000,-1.0000
8/10/2010,2,0.5922,0.0000,0.9874,-2.2314,-1.0000,-1.0000
8/10/2010,3,0.8604,0.0000,-0.2429,-2.0297,-1.0000,-1.0000
8/10/2010,4,-1.0984,0.0000,-0.8255,-2.6149,-1.0000,-1.0000
8/10/2010,5,-1.5471,0.0000,-0.7202,-2.3171,-1.0000,-1.0000
8/10/2010,6,38.5205,83.9023,315.0130,23.6388,-0.3000,-0.3000
8/10/2010,7,211.4837,332.8940,742.5080,50.4938,0.1333,0.1333
8/10/2010,8,422.2698,581.5607,891.6023,50.7094,0.9833,0.9833
8/10/2010,9,621.7298,806.5026,960.7405,50.7442,1.0000,1.0000
8/10/2010,10,793.1660,992.1013,986.5463,55.9546,1.0167,1.0000
8/10/2010,11,985.4148,1125.6190,985.5445,146.0032,18.7833,12.5167
8/10/2010,12,979.0652,1197.9092,845.7755,199.1739,29.1667,18.1833
8/10/2010,13,803.0615,1204.0140,620.5145,220.9138,33.1833,21.0667
8/10/2010,14,546.7680,1143.4949,350.0844,229.6764,37.2000,25.0167
8/10/2010,15,820.9278,1020.4636,953.8533,95.5363,10.1667,6.6333
8/10/2010,16,635.1217,843.3075,916.7308,71.8103,4.4167,3.2000
8/10/2010,17,363.6425,624.1400,575.8331,97.3030,21.6833,15.2167
8/10/2010,18,93.1319,378.0849,35.5876,87.6496,63.5833,44.4833
8/10/2010,19,13.8846,123.8800,7.7244,13.8537,30.1833,22.7333
8/10/2010,20,-4.5051,0.0151,-0.1563,-3.1625,-1.0000,-1.0000
8/10/2010,21,-6.5078,0.0000,-1.5663,-4.9525,-1.0000,-1.0000
8/10/2010,22,-5.2173,0.0000,-1.5822,-3.8932,-1.0000,-1.0000
8/10/2010,23,-3.8885,0.0000,-1.0508,-2.9336,-1.0000,-1.0000
8/11/2010,0,-4.3545,0.0000,-0.3941,-3.4695,-1.0000,-1.0000
8/11/2010,1,-3.2239,0.0000,-0.5190,-2.5375,-1.0000,-1.0000
8/11/2010,2,-3.6009,0.0000,-0.7579,-2.8625,-1.0000,-1.0000
8/11/2010,3,-3.3824,0.0000,-0.4690,-2.6569,-1.0000,-1.0000
8/11/2010,4,-3.7420,0.0000,-0.8111,-2.8006,-1.0000,-1.0000
8/11/2010,5,-3.7727,0.0000,-0.7682,-2.8728,-1.0000,-1.0000
8/11/2010,6,35.3886,80.9418,267.1684,22.2931,-0.0667,-0.0667
8/11/2010,7,204.8542,329.5973,716.2817,51.6974,0.9833,0.9833
8/11/2010,8,408.7825,578.6469,867.7497,50.3237,1.0000,1.0000
8/11/2010,9,617.3413,803.8954,950.2525,53.4778,1.0667,1.0667
8/11/2010,10,794.6893,989.6955,989.4827,57.2389,1.0000,1.0000
8/11/2010,11,923.9035,1123.2945,997.3618,74.2034,4.0833,2.5333
8/11/2010,12,933.9660,1195.5401,859.8470,155.4661,22.0167,13.3333
8/11/2010,13,750.5132,1201.4766,478.1784,293.0386,49.0500,33.6667
8/11/2010,14,362.7395,1140.6769,158.6101,219.1319,38.6333,28.2667
8/11/2010,15,613.6192,1017.2719,550.4303,179.5950,22.7333,15.0833
8/11/2010,16,254.1415,839.6749,51.6156,223.3936,79.1833,60.2667
8/11/2010,17,163.7773,620.0300,8.7063,158.8356,81.8000,59.8333
8/11/2010,18,76.4047,373.5002,13.8836,74.1860,88.0500,70.6000
8/11/2010,19,33.2081,119.0060,179.3531,25.8375,11.3667,6.4667
8/11/2010,20,-3.6962,0.0000,0.0225,-2.7794,-1.0000,-1.0000
8/11/2010,21,-4.6713,0.0000,-0.5258,-3.9743,-1.0000,-1.0000
8/11/2010,22,-3.6051,0.0000,-1.3638,-2.7276,-1.0000,-1.0000
8/11/2010,23,-1.9854,0.0000,-0.5435,-1.4611,-1.0000,-1.0000
8/12/2010,0,-2.0262,0.0000,0.3084,-1.6296,-1.0000,-1.0000
8/12/2010,1,-3.0002,0.0000,0.2957,-2.4810,-1.0000,-1.0000
8/12/2010,2,-3.1984,0.0000,-0.3541,-2.5970,-1.0000,-1.0000
8/12/2010,3,-2.3704,0.0000,0.7541,-1.9175,-1.0000,-1.0000
8/12/2010,4,-3.4112,0.0000,0.0597,-2.8643,-1.0000,-1.0000
8/12/2010,5,-5.5996,0.0000,-1.8839,-4.1461,-1.0000,-1.0000
8/12/2010,6,47.8731,78.0243,276.7395,35.3777,2.5833,0.2833
8/12/2010,7,140.4132,326.2802,300.4936,84.3271,33.9500,14.0333
8/12/2010,8,403.2798,575.7108,575.9760,162.2821,44.6667,28.4000
8/12/2010,9,242.1260,801.2607,9.0439,237.0039,95.3667,73.5667
8/12/2010,10,484.2885,987.2550,189.9724,337.1554,80.8667,59.9667
8/12/2010,11,541.5023,1120.9264,197.7520,364.7102,85.5500,63.3167
8/12/2010,12,513.2917,1193.1165,167.8061,351.9070,78.2667,44.4000
8/12/2010,13,674.2498,1198.8733,380.9665,310.1422,56.0167,39.3167
8/12/2010,14,425.1498,1137.7819,51.5036,378.5542,85.1833,61.4833
8/12/2010,15,670.8653,1013.9932,637.0296,204.4589,45.6833,34.4500
8/12/2010,16,486.1039,835.9465,493.7817,165.1148,50.3667,36.3167
8/12/2010,17,208.2677,615.8177,287.8916,95.6385,73.6000,59.8500
8/12/2010,18,181.5343,368.8101,527.2033,74.3843,17.0500,10.3500
8/12/2010,19,38.4412,114.1369,325.8825,18.8443,0.4500,0.1333
8/12/2010,20,-8.5442,0.0000,-2.4933,-6.2137,-1.0000,-1.0000
8/12/2010,21,-6.3487,0.0000,-1.0536,-4.8971,-1.0000,-1.0000
8/12/2010,22,-4.3139,0.0000,-0.5658,-3.4596,-1.0000,-1.0000
8/12/2010,23,-4.3219,0.0000,-0.8531,-3.3187,-1.0000,-1.0000
8/13/2010,0,-4.7621,0.0000,-0.8628,-3.6862,-1.0000,-1.0000
8/13/2010,1,-4.4003,0.0000,-0.9214,-3.3217,-1.0000,-1.0000
8/13/2010,2,-3.8265,0.0000,-0.4917,-2.9173,-1.0000,-1.0000
8/13/2010,3,-4.0070,0.0000,-0.5636,-3.0252,-1.0000,-1.0000
8/13/2010,4,-6.7335,0.0000,-1.9603,-5.4211,-1.0000,-1.0000
8/13/2010,5,-7.0133,0.0000,-1.4224,-5.4052,-1.0000,-1.0000
8/13/2010,6,29.9838,75.1514,241.9151,20.2501,-0.1000,-0.1000
8/13/2010,7,196.8772,322.9435,695.2593,52.5617,1.0000,1.0000
8/13/2010,8,406.7387,572.7523,875.2370,53.6150,1.0000,1.0000
8/13/2010,9,615.9980,798.5987,944.4230,58.1398,1.0000,1.0000
8/13/2010,10,786.2822,984.7796,971.1113,64.1787,1.0000,1.0000
8/13/2010,11,913.4983,1118.5133,987.3860,70.5561,0.3000,0.3000
8/13/2010,12,977.4500,1190.6372,987.4573,75.7590,0.0000,0.0000
8/13/2010,13,980.6583,1196.2031,990.5455,75.1727,0.0000,0.0000
8/13/2010,14,915.8192,1134.8090,973.4652,75.6252,0.0000,0.0000
8/13/2010,15,786.2510,1010.6263,936.7883,76.6432,0.0000,0.0000
8/13/2010,16,607.2232,832.1216,887.9472,71.5823,0.0000,0.0000
8/13/2010,17,405.1938,611.5034,795.9417,63.7969,0.0500,0.0500
8/13/2010,18,203.6975,364.0152,646.0820,54.6665,1.1500,1.1500
8/13/2010,19,37.9698,109.2788,235.9356,23.6560,0.3333,0.3333
8/13/2010,20,-6.2593,0.0000,-1.6255,-4.9016,-1.0000,-1.0000
8/13/2010,21,-7.6937,0.0000,-1.1979,-5.8072,-1.0000,-1.0000
8/13/2010,22,-6.0715,0.0000,-2.1370,-4.8372,-1.0000,-1.0000
8/13/2010,23,-4.5841,0.0000,-0.7976,-3.5601,-1.0000,-1.0000
8/14/2010,0,-5.5719,0.0000,-0.6688,-4.6213,-1.0000,-1.0000
8/14/2010,1,-4.5881,0.0000,-1.1554,-3.6874,-1.0000,-1.0000
8/14/2010,2,-5.2199,0.0000,-1.0281,-4.1837,-1.0000,-1.0000
8/14/2010,3,-4.5277,0.0000,-1.0827,-3.6350,-1.0000,-1.0000
8/14/2010,4,-4.7561,0.0000,-1.1382,-3.8335,-1.0000,-1.0000
8/14/2010,5,-5.3313,0.0000,-2.6411,-3.8446,-1.0000,-1.0000
8/14/2010,6,29.5101,72.3269,219.8046,20.2004,-0.1333,-0.1333
8/14/2010,7,193.9975,319.5876,666.5288,55.3728,1.0000,1.0000
8/14/2010,8,399.3168,569.7713,817.4480,64.4610,1.0000,1.0000
8/14/2010,9,604.4460,795.9084,906.3473,69.5969,1.0000,1.0000
8/14/2010,10,778.2818,982.2680,946.2455,75.7975,1.0000,1.0000
8/14/2010,11,904.6063,1116.0544,963.7255,83.6689,0.3500,0.3500
8/14/2010,12,969.5392,1188.1011,959.5702,94.2323,0.5667,0.5667
8/14/2010,13,969.4213,1193.4647,955.7230,96.3882,0.2881,0.2034
8/14/2010,14,909.5247,1131.7570,925.9035,116.4510,3.7333,1.6667
8/14/2010,15,880.7940,1007.1706,839.0543,253.8046,34.4000,19.7500
8/14/2010,16,510.3670,828.2001,511.2217,200.3586,28.3500,16.6667
8/14/2010,17,433.8807,607.0871,732.1860,116.9974,12.9667,7.1167
8/14/2010,18,127.0247,359.1162,290.3611,62.9183,11.1167,7.4667
8/14/2010,19,14.1113,104.4378,5.4102,13.7705,6.0500,4.3000
8/14/2010,20,-4.0040,0.0000,-0.0006,-3.1174,-1.0000,-1.0000
8/14/2010,21,-5.0033,0.0000,-0.7103,-3.9919,-1.0000,-1.0000
8/14/2010,22,-5.4152,0.0000,-0.6805,-4.1727,-1.0000,-1.0000
8/14/2010,23,-5.8923,0.0000,-0.3105,-4.6010,-1.0000,-1.0000
8/15/2010,0,-4.1366,0.0000,-0.0711,-3.2377,-1.0000,-1.0000
8/15/2010,1,-3.2965,0.0000,0.3560,-2.6303,-1.0000,-1.0000
8/15/2010,2,-3.7783,0.0000,0.4155,-3.1014,-1.0000,-1.0000
8/15/2010,3,-3.9397,0.0000,-0.3297,-3.2207,-1.0000,-1.0000
8/15/2010,4,-3.5559,0.0000,0.0053,-2.9440,-1.0000,-1.0000
8/15/2010,5,-3.8400,0.0000,-0.2062,-3.0234,-1.0000,-1.0000
8/15/2010,6,25.8912,69.5507,158.3601,18.3663,-0.1667,-0.1667
8/15/2010,7,185.5211,316.2128,633.5398,55.1571,1.0000,1.0000
8/15/2010,8,394.1183,566.7677,799.7015,67.6973,1.0000,1.0000
8/15/2010,9,593.3945,793.1893,878.9065,77.5743,1.0000,1.0000
8/15/2010,10,766.7277,979.7191,924.5117,82.8409,1.0000,1.0000
8/15/2010,11,892.0243,1113.5483,949.8013,86.7353,0.1833,0.1833
8/15/2010,12,957.4433,1185.5067,953.9488,91.4713,0.0000,0.0000
8/15/2010,13,958.9930,1190.6569,948.4177,94.3244,0.0000,0.0000
8/15/2010,14,907.0523,1128.6249,935.1665,109.0182,2.2500,1.2333
8/15/2010,15,775.9438,1003.6255,905.4585,97.6201,1.7167,0.8500
8/15/2010,16,596.7510,824.1818,842.6297,88.0473,0.1167,0.1167
8/15/2010,17,397.0723,602.5690,746.5852,79.5828,1.0000,0.7000
8/15/2010,18,205.0022,354.1143,546.8655,84.6054,16.8667,13.3667
8/15/2010,19,40.4429,99.6337,60.2935,36.4253,30.3667,26.2667
8/15/2010,20,-4.2512,0.0000,-1.5816,-3.0878,-1.0000,-1.0000
8/15/2010,21,-3.9439,0.0000,-0.3662,-3.0065,-1.0000,-1.0000
8/15/2010,22,-4.0063,0.0000,-0.1019,-2.9655,-1.0000,-1.0000
8/15/2010,23,-4.5196,0.0000,0.0007,-3.4587,-1.0000,-1.0000
8/16/2010,0,-3.8206,0.0000,0.4071,-3.0494,-1.0000,-1.0000
8/16/2010,1,-4.2932,0.0000,0.0864,-3.5683,-1.0000,-1.0000
8/16/2010,2,-4.1729,0.0000,0.1857,-3.2010,-1.0000,-1.0000
8/16/2010,3,-4.1557,0.0000,0.5892,-3.3332,-1.0000,-1.0000
8/16/2010,4,-1.1535,0.0000,1.0637,-1.0862,-1.0000,-1.0000
8/16/2010,5,-3.5081,0.0000,0.3300,-2.7566,-1.0000,-1.0000
8/16/2010,6,16.2946,66.8225,9.3167,16.3749,12.8833,7.9500
8/16/2010,7,92.6820,312.8195,29.0425,88.0960,48.5000,30.5667
8/16/2010,8,247.6068,563.7412,128.2098,192.2382,62.9333,28.8000
8/16/2010,9,442.1723,790.4408,197.9632,333.7697,84.8167,57.8333
8/16/2010,10,458.1893,977.1319,89.9806,397.6375,90.7667,61.4167
8/16/2010,11,244.0165,1110.9936,4.5274,238.1076,96.0333,69.5000
8/16/2010,12,273.6243,1182.8527,5.0451,270.8381,89.9833,46.8167
8/16/2010,13,365.9995,1187.7781,17.1489,353.5234,93.8000,58.9167
8/16/2010,14,458.7780,1125.4115,78.3186,385.0953,92.6833,65.8833
8/16/2010,15,634.3175,999.9902,408.6124,317.9190,53.6167,36.3667
8/16/2010,16,449.8840,820.0665,313.4361,242.7401,54.9167,31.5500
8/16/2010,17,74.4243,597.9497,-3.6461,74.3076,89.8500,56.0667
8/16/2010,18,103.6035,349.0101,45.1570,90.3116,78.5500,54.5667
8/16/2010,19,10.8348,94.8668,0.0159,10.9793,17.2333,10.0667
8/16/2010,20,-4.3955,0.0000,0.1658,-3.3973,-1.0000,-1.0000
8/16/2010,21,-2.1689,0.0000,0.9249,-1.7532,-1.0000,-1.0000
8/16/2010,22,-2.8855,0.0000,0.4939,-2.2745,-1.0000,-1.0000
8/16/2010,23,-3.9335,0.0000,-0.5604,-3.0758,-1.0000,-1.0000
8/17/2010,0,-4.4391,0.0000,-0.6139,-3.3288,-1.0000,-1.0000
8/17/2010,1,-4.2647,0.0000,-0.2636,-3.2771,-1.0000,-1.0000
8/17/2010,2,-3.8478,0.0000,-0.1790,-3.0670,-1.0000,-1.0000
8/17/2010,3,-2.9901,0.0000,0.1843,-2.5037,-1.0000,-1.0000
8/17/2010,4,-3.5723,0.0000,-0.2323,-2.8925,-1.0000,-1.0000
8/17/2010,5,-3.1374,0.0000,-0.0882,-2.5308,-1.0000,-1.0000
8/17/2010,6,26.5488,64.1432,226.7759,18.2370,-0.2333,-0.2333
8/17/2010,7,183.2151,309.4078,676.9717,48.1158,1.0000,1.0000
8/17/2010,8,386.8115,560.6913,827.0110,54.1472,1.0000,1.0000
8/17/2010,9,584.8793,787.6618,905.5788,59.8306,1.0000,1.0000
8/17/2010,10,761.0115,974.5052,951.7185,64.8822,1.0000,1.0000
8/17/2010,11,913.2283,1108.3889,975.8475,92.1115,7.4000,4.2833
8/17/2010,12,855.5570,1180.1374,787.6243,131.1448,12.5167,7.4667
8/17/2010,13,946.1050,1184.8273,947.1920,90.5826,3.7500,1.9500
8/17/2010,14,891.2938,1122.1157,935.5183,95.2244,5.5667,3.0500
8/17/2010,15,643.5625,996.2640,665.6272,131.8797,20.5167,14.2500
8/17/2010,16,587.9983,815.8540,800.7726,117.4930,22.5167,14.8167
8/17/2010,17,385.1050,593.2297,656.4408,104.4370,17.6667,11.0667
8/17/2010,18,197.6548,343.8052,606.5195,71.1111,8.7167,5.6833
8/17/2010,19,16.3978,90.1367,71.3147,12.5179,2.6667,1.6667
8/17/2010,20,-6.3685,0.0000,-1.5674,-4.9173,-1.0000,-1.0000
8/17/2010,21,-5.2791,0.0000,-1.2410,-4.0459,-1.0000,-1.0000
8/17/2010,22,-4.3003,0.0000,-0.8655,-3.2617,-1.0000,-1.0000
8/17/2010,23,-4.7333,0.0000,-0.6778,-3.7550,-1.0000,-1.0000
8/18/2010,0,-4.8614,0.0000,-0.6502,-3.9837,-1.0000,-1.0000
8/18/2010,1,-4.3197,0.0000,-0.6256,-3.5506,-1.0000,-1.0000
8/18/2010,2,-5.9557,0.0000,-1.7460,-4.7860,-1.0000,-1.0000
8/18/2010,3,-5.4634,0.0000,-0.8543,-4.2140,-1.0000,-1.0000
8/18/2010,4,-4.2268,0.0000,-0.4915,-3.2691,-1.0000,-1.0000
8/18/2010,5,-3.8698,0.0000,-0.3018,-2.8914,-1.0000,-1.0000
8/18/2010,6,27.0700,61.5134,179.4383,19.8526,0.3833,0.3333
8/18/2010,7,190.4572,305.9776,618.8305,67.0308,3.6833,2.2500
8/18/2010,8,394.3762,557.6175,826.0998,65.2736,2.0000,1.6500
8/18/2010,9,564.2268,784.8512,844.3043,74.1448,1.8833,1.1667
8/18/2010,10,731.2328,971.8377,852.2750,107.5341,6.5333,4.1667
8/18/2010,11,880.4918,1105.7327,809.9113,186.4550,24.6500,17.5667
8/18/2010,12,741.8337,1177.3596,544.9350,234.5807,26.6000,18.1500
8/18/2010,13,813.5843,1181.8031,647.0604,215.8833,25.3500,15.9667
8/18/2010,14,808.5505,1118.7368,757.9322,162.4097,18.7833,11.6500
8/18/2010,15,714.9400,992.4464,752.2503,145.2262,14.6000,9.4333
8/18/2010,16,535.7017,811.5443,641.3890,143.8970,18.7500,8.3833
8/18/2010,17,417.1448,588.4095,750.5422,106.9943,12.2833,3.6000
8/18/2010,18,121.1943,338.5010,246.6678,71.9019,24.9000,9.1833
8/18/2010,19,26.2927,85.4695,94.5267,20.4012,12.9833,5.9667
8/18/2010,20,-6.5974,0.0000,-2.2158,-4.4848,-1.0000,-1.0000
8/18/2010,21,-7.7232,0.0000,-1.8430,-5.6850,-1.0000,-1.0000
8/18/2010,22,-4.9132,0.0000,-0.2690,-3.7039,-1.0000,-1.0000
8/18/2010,23,-5.9785,0.0000,-0.5602,-4.9020,-1.0000,-1.0000
8/19/2010,0,-4.8161,0.0000,0.3574,-3.7616,-1.0000,-1.0000
8/19/2010,1,-2.5359,0.0000,0.6815,-2.2543,-1.0000,-1.0000
8/19/2010,2,-3.5261,0.0000,0.1642,-2.7892,-1.0000,-1.0000
8/19/2010,3,-3.1140,0.0000,0.0221,-2.3273,-1.0000,-1.0000
8/19/2010,4,-3.0445,0.0000,-0.0203,-2.2724,-1.0000,-1.0000
8/19/2010,5,-2.7979,0.0000,-0.0212,-2.0873,-1.0000,-1.0000
8/19/2010,6,8.9062,58.9338,1.0561,9.0170,15.4667,7.6167
8/19/2010,7,68.2160,302.5291,7.2406,67.8169,91.2333,72.2000
8/19/2010,8,183.4152,554.5193,4.2644,183.4140,94.0333,72.4667
8/19/2010,9,210.5125,782.0084,1.9529,210.5125,97.4333,77.1333
8/19/2010,10,357.8075,969.1281,20.8136,346.1611,95.9167,76.6333
8/19/2010,11,480.8090,1103.0236,47.0300,438.2909,98.8667,81.4833
8/19/2010,12,315.0497,1174.5179,11.9473,300.9151,95.9000,68.4667
8/19/2010,13,420.8897,1178.7043,58.1115,360.6489,91.9167,61.4500
8/19/2010,14,562.2585,1115.2740,184.3420,409.9411,81.4167,57.6500
8/19/2010,15,490.1507,988.5374,222.4409,304.5816,58.3667,41.8000
8/19/2010,16,174.6217,807.1379,18.5910,157.6580,94.5000,74.1500
8/19/2010,17,204.1434,583.4900,135.2326,145.6858,86.8167,60.8167
8/19/2010,18,89.8818,333.0986,58.1186,74.8623,62.8333,38.3667
8/19/2010,19,11.0812,80.8561,-1.8611,11.1787,31.2667,11.3667
8/19/2010,20,-3.6333,0.0000,1.1672,-4.7835,-1.0000,-1.0000
8/19/2010,21,-2.4360,0.0000,1.4387,-2.4412,-1.0000,-1.0000
8/19/2010,22,-2.2975,0.0000,0.8855,-1.8297,-1.0000,-1.0000
8/19/2010,23,-2.8880,0.0000,0.4800,-2.3546,-1.0000,-1.0000
8/20/2010,0,-3.6131,0.0000,0.1463,-3.0511,-1.0000,-1.0000
8/20/2010,1,-2.9656,0.0000,0.3443,-2.4589,-1.0000,-1.0000
8/20/2010,2,-3.2339,0.0000,0.1715,-2.6085,-1.0000,-1.0000
8/20/2010,3,-2.3090,0.0000,-0.1454,-1.6959,-1.0000,-1.0000
8/20/2010,4,-2.4811,0.0000,-0.4442,-1.7969,-1.0000,-1.0000
8/20/2010,5,-2.7793,0.0000,-0.2163,-2.0760,-1.0000,-1.0000
8/20/2010,6,10.2328,56.4049,41.3363,9.8369,0.8333,0.5000
8/20/2010,7,79.5520,299.0619,193.0166,49.3385,8.8833,5.9500
8/20/2010,8,365.1885,551.3960,753.1253,60.2953,2.9833,2.0333
8/20/2010,9,577.9955,779.1320,909.7460,58.3021,2.2833,2.2500
8/20/2010,10,759.8735,966.3752,959.6387,63.0322,1.2333,1.0000
8/20/2010,11,889.4525,1100.2605,984.1618,68.5926,2.4500,1.4667
8/20/2010,12,964.0498,1171.6112,990.4725,80.7562,4.9667,2.8000
8/20/2010,13,880.9515,1175.5300,833.0382,130.0618,9.5167,5.3667
8/20/2010,14,844.1373,1111.7264,846.9021,133.5628,11.3333,6.7000
8/20/2010,15,698.2843,984.5366,816.3875,103.2981,8.7000,5.6167
8/20/2010,16,585.3987,802.6350,862.3462,82.8317,4.8667,3.6167
8/20/2010,17,327.1995,578.4723,640.5756,76.1278,6.3167,4.6000
8/20/2010,18,123.7887,327.5998,341.4915,40.7311,3.8167,3.2833
8/20/2010,19,17.2390,76.3074,161.9810,12.1331,0.7000,0.6167
8/20/2010,20,-7.5542,0.0000,-2.1600,-5.6767,-1.0000,-1.0000
8/20/2010,21,-5.4471,0.0000,-1.0832,-4.2593,-1.0000,-1.0000
8/20/2010,22,-4.6893,0.0000,-1.0266,-3.6274,-1.0000,-1.0000
8/20/2010,23,-4.0957,0.0000,-0.6729,-3.2020,-1.0000,-1.0000
8/21/2010,0,-4.1576,0.0000,-0.9231,-3.1585,-1.0000,-1.0000
8/21/2010,1,-4.0701,0.0000,-0.6716,-3.1902,-1.0000,-1.0000
8/21/2010,2,-4.5137,0.0000,-0.4203,-3.6273,-1.0000,-1.0000
8/21/2010,3,-4.8490,0.0000,-0.8653,-3.8781,-1.0000,-1.0000
8/21/2010,4,-3.8280,0.0000,-0.5515,-2.8515,-1.0000,-1.0000
8/21/2010,5,-4.3365,0.0000,-1.0350,-3.4952,-1.0000,-1.0000
8/21/2010,6,21.6491,53.9271,196.4299,15.2995,-0.3667,-0.3667
8/21/2010,7,175.9751,295.5760,671.5285,46.9663,1.0000,1.0000
8/21/2010,8,379.8528,548.2468,849.1577,49.8712,1.0000,1.0000
8/21/2010,9,577.4950,776.2214,915.5852,55.7408,1.0000,1.0000
8/21/2010,10,753.0617,963.5778,956.9780,62.4630,1.1833,1.0667
8/21/2010,11,897.4578,1097.4421,943.2280,114.3283,10.2000,7.1667
8/21/2010,12,894.4065,1168.6383,811.8398,160.4962,20.3929,11.7500
8/21/2010,13,399.9232,1172.2793,174.9752,232.2532,43.9000,29.9333
8/21/2010,14,403.5733,1108.0938,135.9906,286.6914,69.0000,49.9833
8/21/2010,15,553.9007,980.4439,361.6308,288.9960,66.4333,47.8167
8/21/2010,16,367.2290,798.0361,269.3188,219.8800,74.7833,54.6833
8/21/2010,17,341.1880,573.3574,567.9628,125.1987,37.3000,23.4333
8/21/2010,18,142.2900,322.0065,364.9846,70.7886,23.1500,12.8000
8/21/2010,19,14.5029,71.8384,20.9131,14.2367,11.6667,8.2333
8/21/2010,20,-4.9592,0.0000,-0.7545,-3.8275,-1.0000,-1.0000
8/21/2010,21,-4.4467,0.0000,-0.2915,-3.4447,-1.0000,-1.0000
8/21/2010,22,-6.4016,0.0000,-1.0873,-5.1717,-1.0000,-1.0000
8/21/2010,23,-5.1521,0.0000,-0.9260,-4.1852,-1.0000,-1.0000
8/22/2010,0,-4.4679,0.0000,-0.3764,-3.6751,-1.0000,-1.0000
8/22/2010,1,-4.8218,0.0000,-0.6184,-3.8954,-1.0000,-1.0000
8/22/2010,2,-4.8976,0.0000,-0.5686,-4.1138,-1.0000,-1.0000
8/22/2010,3,-4.8091,0.0000,-0.6902,-3.8694,-1.0000,-1.0000
8/22/2010,4,-4.5409,0.0000,1.2543,-3.7973,-1.0000,-1.0000
8/22/2010,5,-2.7861,0.0000,0.7956,-2.4254,-1.0000,-1.0000
8/22/2010,6,17.9077,51.5006,139.6899,12.5190,-0.3667,-0.3667
8/22/2010,7,176.1342,292.0712,677.4538,46.9517,1.0000,1.0000
8/22/2010,8,387.9588,545.0715,866.4845,50.8487,1.0000,1.0000
8/22/2010,9,586.8435,773.2755,955.3992,48.3588,1.0000,1.0000
8/22/2010,10,762.8077,960.7351,982.6123,56.2599,1.0000,1.0000
8/22/2010,11,879.4880,1094.5675,981.6210,64.2666,0.2000,0.2000
8/22/2010,12,946.5102,1165.5983,979.4213,76.4121,3.1000,1.6833
8/22/2010,13,943.8975,1168.9518,969.8005,82.2518,2.5000,1.2667
8/22/2010,14,770.0193,1104.3759,734.3100,145.8940,17.0167,12.6333
8/22/2010,15,252.7783,976.2598,52.1763,205.4718,88.9667,68.7500
8/22/2010,16,413.7418,793.3420,361.5645,229.3141,84.7333,64.4667
8/22/2010,17,247.5525,568.1465,227.5211,136.4736,49.4500,33.1667
8/22/2010,18,101.2163,316.3202,130.6685,77.8048,52.7167,33.2500
8/22/2010,19,19.7583,67.4395,97.6912,15.0941,8.0000,3.4500
8/22/2010,20,-5.1795,0.0000,-0.5866,-3.8660,-1.0000,-1.0000
8/22/2010,21,-4.1947,0.0000,0.1607,-3.6032,-1.0000,-1.0000
8/22/2010,22,-1.8283,0.0000,1.0491,-1.8658,-1.0000,-1.0000
8/22/2010,23,-4.7131,0.0000,-0.9572,-3.8616,-1.0000,-1.0000
8/23/2010,0,-3.7997,0.0000,-0.0647,-2.9575,-1.0000,-1.0000
8/23/2010,1,-3.9552,0.0000,-0.1255,-3.2095,-1.0000,-1.0000
8/23/2010,2,-3.7780,0.0000,-0.4480,-2.9715,-1.0000,-1.0000
8/23/2010,3,-2.6250,0.0000,0.5770,-2.1550,-1.0000,-1.0000
8/23/2010,4,-2.5884,0.0000,0.5973,-2.1779,-1.0000,-1.0000
8/23/2010,5,-2.3939,0.0000,0.4784,-1.9793,-1.0000,-1.0000
8/23/2010,6,10.3197,49.1260,6.3480,10.4440,16.9833,11.5833
8/23/2010,7,91.5117,288.5472,10.9571,89.1382,77.3000,54.7167
8/23/2010,8,383.5462,541.8691,544.9307,160.6518,52.6833,23.5667
8/23/2010,9,608.0607,770.2936,716.8222,196.9657,42.2500,24.7167
8/23/2010,10,706.2902,957.8458,639.7547,226.2548,38.8000,24.2833
8/23/2010,11,614.1120,1091.6354,350.5481,290.8529,48.4667,30.4500
8/23/2010,12,628.2183,1162.4903,343.4891,292.7408,50.0500,30.7333
8/23/2010,13,756.3103,1165.5466,510.7987,301.6409,52.6500,31.9667
8/23/2010,14,368.0166,1100.5724,232.7833,165.5791,71.5333,51.7500
8/23/2010,15,123.7520,971.9843,-9.5995,123.4905,94.8667,66.2667
8/23/2010,16,204.0991,788.5536,65.3814,169.1633,91.9500,71.2833
8/23/2010,17,199.2631,562.8411,71.8888,163.7971,61.9667,44.6500
8/23/2010,18,112.7721,310.5431,114.5858,87.3273,48.9000,34.0000
8/23/2010,19,18.4619,63.1424,25.2022,17.4438,23.4500,17.1833
8/23/2010,20,-2.7306,0.0000,0.4526,-2.0375,-1.0000,-1.0000
8/23/2010,21,-2.4623,0.0000,0.2897,-1.9400,-1.0000,-1.0000
8/23/2010,22,-4.8279,0.0000,-0.6292,-3.6109,-1.0000,-1.0000
8/23/2010,23,-3.7902,0.0000,-0.4824,-2.9376,-1.0000,-1.0000
8/24/2010,0,-1.4986,0.0000,1.0227,-1.1925,-1.0000,-1.0000
8/24/2010,1,-1.4605,0.0000,0.5659,-1.1324,-1.0000,-1.0000
8/24/2010,2,-1.1647,0.0000,-0.4313,-0.7361,-1.0000,-1.0000
8/24/2010,3,-1.0526,0.0000,-0.3882,-0.7388,-1.0000,-1.0000
8/24/2010,4,-1.2277,0.0000,-1.0659,-0.8249,-1.0000,-1.0000
8/24/2010,5,-2.4544,0.0000,-2.1699,-2.0402,-1.0000,-1.0000
8/24/2010,6,0.4198,46.8035,2.0956,-0.1158,8.0833,4.0000
8/24/2010,7,14.3375,285.0038,2.7786,13.9233,86.1833,53.7667
8/24/2010,8,42.3156,538.6392,4.0599,42.3156,94.6833,58.8167
8/24/2010,9,131.4315,767.2747,5.9984,130.6840,97.4500,66.6833
8/24/2010,10,534.5883,954.9093,299.8393,307.0113,76.7667,57.9000
8/24/2010,11,754.7363,1088.6453,452.1078,359.2800,62.1833,47.5000
8/24/2010,12,869.2753,1159.3138,821.1839,135.8275,7.4833,4.7333
8/24/2010,13,937.1810,1162.0636,961.4513,90.2312,0.1000,0.1000
8/24/2010,14,865.3573,1096.6835,942.1558,87.9939,0.0000,0.0000
8/24/2010,15,735.9547,967.6180,916.6733,80.6244,0.1000,0.0667
8/24/2010,16,556.3483,783.6716,856.0652,73.3776,0.0000,0.0000
8/24/2010,17,354.8013,557.4425,753.9975,65.2796,1.0833,0.6500
8/24/2010,18,154.4154,304.6772,556.8773,52.1325,2.1167,1.6667
8/24/2010,19,14.4455,58.9262,89.9309,11.6135,-0.0167,-0.0167
8/24/2010,20,-5.4768,0.0000,-0.6316,-4.1585,-1.0000,-1.0000
8/24/2010,21,-5.7800,0.0000,-0.7812,-4.4361,-1.0000,-1.0000
8/24/2010,22,-4.0865,0.0000,-0.5001,-3.3123,-1.0000,-1.0000
8/24/2010,23,-3.7823,0.0000,-0.3511,-2.9474,-1.0000,-1.0000
8/25/2010,0,-3.4734,0.0000,-0.2621,-2.7304,-1.0000,-1.0000
8/25/2010,1,-3.9225,0.0000,-0.4943,-3.1091,-1.0000,-1.0000
8/25/2010,2,-3.7936,0.0000,-0.6030,-2.9280,-1.0000,-1.0000
8/25/2010,3,-3.6578,0.0000,-0.6227,-2.8427,-1.0000,-1.0000
8/25/2010,4,-3.6697,0.0000,-0.4183,-2.8338,-1.0000,-1.0000
8/25/2010,5,-3.6556,0.0000,-0.2508,-2.8624,-1.0000,-1.0000
8/25/2010,6,15.4346,44.5333,141.0780,11.8373,-0.4667,-0.4667
8/25/2010,7,162.1661,281.4409,617.7298,48.6242,1.0000,1.0000
8/25/2010,8,364.5775,535.3813,812.0432,55.2175,1.0000,1.0000
8/25/2010,9,563.6075,764.2182,896.9863,61.5737,1.0000,1.0000
8/25/2010,10,743.0445,951.9245,950.4022,66.4667,1.0000,1.0000
8/25/2010,11,865.8742,1085.5962,969.7035,72.1372,0.0833,0.0833
8/25/2010,12,933.5413,1156.0681,978.7578,75.3944,0.0500,0.0500
8/25/2010,13,932.7288,1158.5022,974.7637,76.5975,0.0000,0.0000
8/25/2010,14,862.6827,1092.7092,958.7017,76.3575,0.0500,0.0500
8/25/2010,15,727.9072,963.1615,918.9162,74.3042,0.0000,0.0000
8/25/2010,16,545.9777,778.6974,847.0490,70.7256,0.0000,0.0000
8/25/2010,17,349.8477,551.9525,755.8533,60.8175,0.5167,0.5167
8/25/2010,18,149.5501,298.7247,566.6727,46.5034,1.0000,1.0000
8/25/2010,19,11.3814,54.8240,107.7567,8.5398,-0.2000,-0.2000
8/25/2010,20,-7.0781,0.0000,-1.5785,-5.4841,-1.0000,-1.0000
8/25/2010,21,-6.2221,0.0000,-1.9223,-4.9611,-1.0000,-1.0000
8/25/2010,22,-4.5851,0.0000,-0.7549,-3.5858,-1.0000,-1.0000
8/25/2010,23,-5.5404,0.0000,-1.1613,-4.5047,-1.0000,-1.0000
8/26/2010,0,-4.7593,0.0000,-0.7964,-3.7105,-1.0000,-1.0000
8/26/2010,1,-4.1965,0.0000,-0.6165,-3.3991,-1.0000,-1.0000
8/26/2010,2,-3.5837,0.0000,-0.5292,-2.7830,-1.0000,-1.0000
8/26/2010,3,-4.1809,0.0000,-0.5445,-3.0754,-1.0000,-1.0000
8/26/2010,4,-4.5796,0.0000,-0.9948,-3.3382,-1.0000,-1.0000
8/26/2010,5,-4.6315,0.0000,-0.8570,-3.4545,-1.0000,-1.0000
8/26/2010,6,16.2710,42.3156,170.5620,12.0999,-0.5000,-0.5000
8/26/2010,7,168.2644,277.8580,669.0502,47.2209,1.0000,1.0000
8/26/2010,8,377.8258,532.0948,858.7658,52.5221,1.0000,1.0000
8/26/2010,9,573.9703,761.1232,940.0507,52.5450,1.0333,1.0333
8/26/2010,10,750.9205,948.8908,975.1478,59.7957,0.9833,0.9833
8/26/2010,11,877.3018,1082.4875,997.5793,64.4287,0.0167,0.0167
8/26/2010,12,941.0523,1152.7529,1000.3275,67.1107,0.0000,0.0000
8/26/2010,13,935.9058,1154.8626,990.4610,68.9769,0.0000,0.0000
8/26/2010,14,870.4927,1088.6497,973.1052,72.4587,0.0000,0.0000
8/26/2010,15,739.8933,958.6155,939.2267,72.2138,0.0333,0.0333
8/26/2010,16,561.5275,773.6320,881.9055,68.6188,0.4500,0.4500
8/26/2010,17,357.3042,546.3726,778.3757,63.0136,2.8667,2.5167
8/26/2010,18,132.5409,292.6878,501.9869,43.0309,1.2542,1.2203
8/26/2010,19,6.3946,50.8173,107.1808,3.8721,-0.2667,-0.2667
8/26/2010,20,-8.4539,0.0000,-2.1694,-6.5059,-1.0000,-1.0000
8/26/2010,21,-7.5678,0.0000,-1.6328,-5.9727,-1.0000,-1.0000
8/26/2010,22,-5.9024,0.0000,-0.2601,-5.1270,-1.0000,-1.0000
8/26/2010,23,-6.0931,0.0000,-0.7642,-4.8931,-1.0000,-1.0000
8/27/2010,0,-5.1936,0.0000,-0.6902,-4.2911,-1.0000,-1.0000
8/27/2010,1,-5.1118,0.0000,1.3756,-4.2890,-1.0000,-1.0000
8/27/2010,2,-5.9316,0.0000,0.2258,-5.0573,-1.0000,-1.0000
8/27/2010,3,-5.2635,0.0000,0.0477,-4.2121,-1.0000,-1.0000
8/27/2010,4,-6.5476,0.0000,-1.6941,-5.0280,-1.0000,-1.0000
8/27/2010,5,-4.5023,0.0000,-0.7137,-3.5111,-1.0000,-1.0000
8/27/2010,6,14.1135,40.1508,142.7635,10.7896,-0.5333,-0.5333
8/27/2010,7,158.2863,274.2552,617.2335,47.2781,1.2833,1.1500
8/27/2010,8,361.9457,528.7790,807.0585,57.5136,1.0000,1.0000
8/27/2010,9,556.5620,757.9891,894.3885,62.9341,1.0000,1.0000
8/27/2010,10,728.4043,945.8075,926.6705,72.9000,1.7333,1.3667
8/27/2010,11,735.1555,1079.3185,651.5919,203.6999,39.1000,28.4500
8/27/2010,12,285.6028,1149.3674,11.5941,274.2901,85.9833,63.2667
8/27/2010,13,524.2233,1151.1447,221.4459,322.3299,80.2333,57.3667
8/27/2010,14,568.7875,1084.5055,340.1685,286.8902,56.1167,37.9333
8/27/2010,15,527.4827,953.9809,434.9524,215.4442,40.3500,27.0167
8/27/2010,16,498.8445,768.4768,478.1191,219.4515,64.5833,46.5000
8/27/2010,17,174.4155,540.7047,73.8980,149.1725,83.6667,58.9667
8/27/2010,18,61.1500,286.5688,40.7701,55.3973,67.2000,43.4167
8/27/2010,19,4.7348,46.9365,2.0614,5.1540,4.4667,2.8167
8/27/2010,20,-5.0470,0.0000,-0.7054,-3.7488,-1.0000,-1.0000
8/27/2010,21,-4.4484,0.0000,-0.6214,-3.4128,-1.0000,-1.0000
8/27/2010,22,-4.2695,0.0000,-0.5823,-3.2792,-1.0000,-1.0000
8/27/2010,23,-5.8107,0.0000,-0.7881,-4.5846,-1.0000,-1.0000
8/28/2010,0,-3.6256,0.0000,-0.2862,-2.8632,-1.0000,-1.0000
8/28/2010,1,-3.9949,0.0000,-0.4490,-3.0316,-1.0000,-1.0000
8/28/2010,2,-3.4712,0.0000,-0.1348,-2.6621,-1.0000,-1.0000
8/28/2010,3,-2.6918,0.0000,-0.1454,-2.0420,-1.0000,-1.0000
8/28/2010,4,-2.1895,0.0000,0.4601,-1.6563,-1.0000,-1.0000
8/28/2010,5,-3.6264,0.0000,0.0168,-2.7135,-1.0000,-1.0000
8/28/2010,6,9.0905,38.0390,31.5517,9.5697,4.9167,2.7667
8/28/2010,7,66.2908,270.6320,5.1115,65.7216,66.2333,38.9333
8/28/2010,8,352.1438,525.4336,667.6038,91.5671,12.6167,6.2000
8/28/2010,9,553.8100,754.8154,849.1265,80.7480,5.3667,3.5333
8/28/2010,10,733.6257,942.6738,938.5607,69.3324,1.0333,1.0000
8/28/2010,11,827.8158,1076.0890,851.0317,129.8136,11.7667,5.4833
8/28/2010,12,714.5815,1145.9119,644.7778,147.1897,14.1000,9.3833
8/28/2010,13,922.1790,1147.3484,749.9570,263.7217,36.1333,22.0000
8/28/2010,14,536.6475,1080.2770,262.6769,310.3608,64.9500,39.9167
8/28/2010,15,191.7218,949.2585,-0.5585,191.7218,94.7333,71.4333
8/28/2010,16,152.3788,763.2332,9.4487,143.9222,94.5167,69.7167
8/28/2010,17,173.9134,534.9506,76.7134,133.4077,65.5667,39.3000
8/28/2010,18,40.6108,280.3702,39.2430,37.9968,82.9667,47.7667
8/28/2010,19,7.1024,43.1632,49.7011,5.3294,14.8000,5.5500
8/28/2010,20,-4.0921,0.0000,-0.7574,-3.0130,-1.0000,-1.0000
8/28/2010,21,-2.5178,0.0000,-1.5444,-1.8022,-1.0000,-1.0000
8/28/2010,22,-1.8500,0.0000,0.0491,-1.3892,-1.0000,-1.0000
8/28/2010,23,-3.2388,0.0000,-0.0574,-2.5949,-1.0000,-1.0000
8/29/2010,0,-5.7162,0.0000,-0.9290,-4.5358,-1.0000,-1.0000
8/29/2010,1,-5.7238,0.0000,-0.8064,-4.6535,-1.0000,-1.0000
8/29/2010,2,-7.1359,0.0000,-1.6780,-5.7783,-1.0000,-1.0000
8/29/2010,3,-5.5835,0.0000,-0.4693,-4.7463,-1.0000,-1.0000
8/29/2010,4,-5.7304,0.0000,-1.9137,-4.4210,-1.0000,-1.0000
8/29/2010,5,-4.3569,0.0000,-1.2170,-3.3703,-1.0000,-1.0000
8/29/2010,6,10.3959,35.9815,106.0900,8.3052,-0.6000,-0.6000
8/29/2010,7,172.3221,266.9883,657.1990,56.6822,4.1333,1.5833
8/29/2010,8,396.1312,522.0579,821.7235,90.1480,12.8000,3.8667
8/29/2010,9,611.7667,751.6015,882.1653,126.8836,18.1000,11.2667
8/29/2010,10,721.3588,939.4896,577.0377,297.8798,53.4333,35.5667
8/29/2010,11,769.6707,1072.7985,664.6580,219.5022,40.4000,27.8000
8/29/2010,12,932.8648,1142.3861,985.6958,80.6695,3.7500,2.3333
8/29/2010,13,1004.5595,1143.4741,935.3967,191.8490,24.5667,16.2833
8/29/2010,14,629.4927,1075.9651,370.7577,299.3148,46.6667,34.6333
8/29/2010,15,424.7363,944.4496,220.9413,260.7066,47.7333,33.9500
8/29/2010,16,313.3447,757.9028,169.7168,227.6883,66.4000,46.8667
8/29/2010,17,195.2986,529.1125,203.6753,102.9561,66.4167,46.3667
8/29/2010,18,79.6096,274.0947,72.4396,65.8302,74.7667,59.1667
8/29/2010,19,1.4703,39.5300,-2.1901,2.1668,6.7667,5.4000
8/29/2010,20,-6.6745,0.0000,-0.5065,-5.3732,-1.0000,-1.0000
8/29/2010,21,-6.1818,0.0000,-0.8457,-5.0827,-1.0000,-1.0000
8/29/2010,22,-6.7151,0.0000,-0.6331,-5.5423,-1.0000,-1.0000
8/29/2010,23,-3.7535,0.0000,2.0928,-3.5988,-1.0000,-1.0000
8/30/2010,0,-4.4999,0.0000,-0.5065,-3.7051,-1.0000,-1.0000
8/30/2010,1,-5.6363,0.0000,-1.0819,-4.6136,-1.0000,-1.0000
8/30/2010,2,-4.2068,0.0000,0.0550,-3.5416,-1.0000,-1.0000
8/30/2010,3,-3.0532,0.0000,0.1775,-2.5750,-1.0000,-1.0000
8/30/2010,4,-2.8875,0.0000,0.8671,-2.3030,-1.0000,-1.0000
8/30/2010,5,-2.3809,0.0000,1.0328,-1.9571,-1.0000,-1.0000
8/30/2010,6,1.3314,33.9809,0.6274,1.1227,8.4833,4.2667
8/30/2010,7,50.5445,263.3239,2.5140,50.0632,50.4464,26.7679
8/30/2010,8,238.8766,518.6519,371.1577,80.4365,17.3000,12.1000
8/30/2010,9,558.4900,748.3468,918.8387,54.9460,1.5833,1.1000
8/30/2010,10,679.0405,936.2540,774.6092,133.2451,20.7333,15.3500
8/30/2010,11,510.7993,1069.4466,340.5399,224.6299,60.8000,44.7667
8/30/2010,12,483.9830,1138.7898,287.5374,227.8338,63.7667,42.0667
8/30/2010,13,817.7877,1139.5222,785.8631,141.0065,18.9833,12.5667
8/30/2010,14,836.0213,1071.5704,831.9919,156.1292,22.6667,15.9167
8/30/2010,15,584.3880,939.5555,451.8642,273.0542,65.9000,50.7667
8/30/2010,16,518.3565,752.4874,648.9659,168.4579,40.2167,29.0333
8/30/2010,17,271.2945,523.1925,436.6230,100.0950,21.7333,15.7333
8/30/2010,18,122.4469,267.7448,436.5264,53.6656,9.6500,7.4167
8/30/2010,19,8.5607,36.0153,57.9881,7.2410,2.4667,1.8000
8/30/2010,20,-7.4049,0.0000,-1.7227,-5.6584,-1.0000,-1.0000
8/30/2010,21,-6.6171,0.0000,-2.1440,-5.1502,-1.0000,-1.0000
8/30/2010,22,-5.5209,0.0000,-0.4765,-4.2986,-1.0000,-1.0000
8/30/2010,23,-5.0636,0.0000,-0.9180,-3.9916,-1.0000,-1.0000
8/31/2010,0,-4.6686,0.0000,-1.0036,-3.6177,-1.0000,-1.0000
8/31/2010,1,-4.1650,0.0000,-0.7116,-3.1666,-1.0000,-1.0000
8/31/2010,2,-4.3882,0.0000,-0.5755,-3.4550,-1.0000,-1.0000
8/31/2010,3,-4.1995,0.0000,-0.3614,-3.4394,-1.0000,-1.0000
8/31/2010,4,-4.8792,0.0000,-1.4394,-3.6993,-1.0000,-1.0000
8/31/2010,5,-3.4393,0.0000,0.4566,-2.8129,-1.0000,-1.0000
8/31/2010,6,17.5236,32.0341,105.3231,15.1943,4.9833,3.1500
8/31/2010,7,167.6049,259.6387,579.0613,68.0823,21.4833,10.3000
8/31/2010,8,368.0710,515.2150,793.8652,75.0314,10.9821,5.2679
8/31/2010,9,605.2170,745.0512,726.7232,214.1642,49.3833,30.7500
8/31/2010,10,607.9123,932.9670,545.7650,211.7666,45.6500,30.9833
8/31/2010,11,550.3223,1066.0334,342.3836,262.4593,44.0667,28.8500
8/31/2010,12,640.3778,1135.1236,392.0334,283.6183,48.0862,30.8793
8/31/2010,13,514.1055,1135.4932,253.1322,280.1079,50.3000,34.4833
8/31/2010,14,335.6348,1067.0939,79.9523,253.4187,50.7167,34.9000
8/31/2010,15,249.2675,934.5774,65.1692,204.8854,72.9667,51.7833
8/31/2010,16,210.0140,746.9888,86.0883,166.5298,59.9000,41.4000
8/31/2010,17,142.1207,517.1928,46.5179,124.3317,68.7333,44.7000
8/31/2010,18,79.0263,261.3235,175.3603,63.0291,49.1000,31.2667
8/31/2010,19,10.3665,32.6511,51.7469,9.8027,4.3833,2.9667
8/31/2010,20,-4.7994,0.0000,1.3490,-3.7438,-1.0000,-1.0000
8/31/2010,21,-5.9375,0.0000,-0.7580,-4.5339,-1.0000,-1.0000
8/31/2010,22,-5.2416,0.0000,-0.9885,-4.0600,-1.0000,-1.0000
8/31/2010,23,-3.7358,0.0000,-0.2360,-2.7558,-1.0000,-1.0000
